0.03167557716369629
0.0322568416595459
0.03228425979614258
0.03208351135253906
0.0317838191986084
0.031025171279907227
0.0303499698638916
0.03042769432067871
0.029611587524414062
0.028077363967895508
0.028099536895751953
0.027901887893676758
0.027840614318847656
0.027643442153930664
0.02759528160095215
0.028187274932861328
0.027773141860961914
0.027606487274169922
0.027610301971435547
0.027640104293823242
0.027559757232666016
0.027649879455566406
0.02767205238342285
0.02823019027709961
0.027598857879638672
0.02753448486328125
0.02762579917907715
0.02706766128540039
0.02866816520690918
0.027834177017211914
0.028233766555786133
0.027744054794311523
0.027662277221679688
0.028061628341674805
0.03153204917907715
0.03089761734008789
0.03423786163330078
0.030654191970825195
0.03379678726196289
0.04326319694519043
0.029380083084106445
0.028227806091308594
0.02854442596435547
0.028249025344848633
0.028406381607055664
0.028325557708740234
0.028316497802734375
0.028387784957885742
0.028779983520507812
0.028358936309814453
0.028563737869262695
0.028353214263916016
0.028443574905395508
0.028542041778564453
0.028650522232055664
0.028702497482299805
0.028494596481323242
0.028388500213623047
0.028446674346923828
0.02835869789123535
0.028432369232177734
0.028824806213378906
0.02860116958618164
0.028670787811279297
0.0282900333404541
0.02840900421142578
0.02832627296447754
0.028482675552368164
0.03032684326171875
0.030783891677856445
0.029885053634643555
0.029628276824951172
0.030673980712890625
0.02923583984375
0.02926921844482422
0.03013134002685547
0.02913045883178711
0.028699636459350586
0.02946949005126953
0.028454303741455078
0.029770374298095703
0.028148651123046875
0.02744126319885254
0.02454662322998047
0.02280902862548828
0.022836923599243164
0.023251771926879883
0.02218031883239746
0.021970748901367188
0.021790027618408203
0.021703720092773438
0.021750450134277344
0.021652698516845703
0.022110462188720703
0.021647930145263672
0.022047758102416992
0.02195429801940918
0.021667957305908203
0.02170252799987793
0.02153754234313965
0.022986173629760742
0.02204728126525879
0.022140979766845703
0.023435592651367188
0.02280282974243164
0.024332523345947266
0.024411439895629883
0.023903608322143555
0.023815631866455078
0.02441716194152832
0.023041963577270508
0.02381110191345215
0.023354530334472656
0.025402307510375977
0.022381305694580078
0.02799081802368164
0.022814273834228516
0.021574735641479492
0.021658658981323242
0.022284507751464844
0.022546768188476562
0.023109912872314453
0.024855613708496094
0.02334761619567871
0.022513389587402344
0.023266077041625977
0.02355670928955078
0.021581172943115234
0.022271394729614258
0.02332758903503418
0.022658348083496094
0.022481441497802734
0.02149677276611328
0.02145981788635254
0.02155613899230957
0.021567106246948242
0.0214996337890625
0.02136397361755371
0.02182602882385254
0.02156519889831543
0.02148747444152832
0.02152538299560547
0.021320104598999023
0.021343708038330078
0.02237844467163086
0.021815061569213867
0.02158331871032715
0.021604061126708984
0.021416902542114258
0.021347761154174805
0.02150893211364746
0.021430015563964844
0.02140212059020996
0.021436691284179688
0.02181243896484375
0.0214693546295166
0.021409273147583008
0.02145981788635254
0.021300792694091797
0.02160167694091797
0.021290063858032227
0.0214993953704834
0.021599292755126953
0.021373987197875977
0.02136850357055664
0.021238088607788086
0.02123093605041504
0.02138376235961914
0.0212094783782959
0.02138042449951172
0.0213775634765625
0.021869659423828125
0.02131962776184082
0.021295547485351562
0.021439313888549805
0.02236032485961914
0.021240234375
0.021130800247192383
0.021397829055786133
0.023722171783447266
0.021250009536743164
0.024807214736938477
0.022850990295410156
0.02247166633605957
0.022790193557739258
0.02195429801940918
0.02228236198425293
0.02203679084777832
0.022633075714111328
0.023215532302856445
0.02414393424987793
0.022292137145996094
0.021322250366210938
0.022039175033569336
0.02255558967590332
0.02306985855102539
0.021749258041381836
0.023307085037231445
0.02210235595703125
0.021323442459106445
0.027481794357299805
0.023529767990112305
0.022141456604003906
0.024208545684814453
0.03642559051513672
0.02158331871032715
0.021674633026123047
0.020730972290039062
0.0206606388092041
0.02063298225402832
0.02147650718688965
0.021174192428588867
0.02107071876525879
0.021622657775878906
0.0212252140045166
0.023708343505859375
0.021041154861450195
0.02055048942565918
0.020474910736083984
0.020722150802612305
0.021544456481933594
0.02052021026611328
0.021083593368530273
0.02066206932067871
0.020596742630004883
0.02215719223022461
0.02049088478088379
0.02048802375793457
0.020469188690185547
0.02054619789123535
0.021513700485229492
0.02062058448791504
0.020561695098876953
0.020617008209228516
0.021555662155151367
0.02235245704650879
0.021024227142333984
0.020984649658203125
0.02191638946533203
0.02278590202331543
0.02504563331604004
0.02289128303527832
0.022179126739501953
0.021323204040527344
0.025766849517822266
0.021446704864501953
0.021477937698364258
0.022362947463989258
0.021549701690673828
0.022123336791992188
0.02231121063232422
0.021314144134521484
0.0209352970123291
0.02116847038269043
0.02348923683166504
0.02045464515686035
0.020894289016723633
0.020652055740356445
0.020816802978515625
0.021641254425048828
0.02064061164855957
0.020568370819091797
0.020434856414794922
0.02045917510986328
0.02239370346069336
0.020432472229003906
0.020566463470458984
0.020633697509765625
0.020801067352294922
0.021648645401000977
0.020412445068359375
0.020438432693481445
0.020583629608154297
0.02099299430847168
0.02090144157409668
0.0203702449798584
0.020739078521728516
0.0204160213470459
0.020334959030151367
0.02144598960876465
0.020438432693481445
0.02085113525390625
0.0213620662689209
0.021387100219726562
0.021437644958496094
0.02156805992126465
0.022808551788330078
0.026766538619995117
0.0223238468170166
0.020604848861694336
0.027239561080932617
0.02061748504638672
0.021426677703857422
0.024278640747070312
0.021724939346313477
0.03216814994812012
0.025925636291503906
0.022243499755859375
0.028926372528076172
0.022293806076049805
0.024391651153564453
0.022795915603637695
0.021886825561523438
0.027745723724365234
0.02265191078186035
0.02159714698791504
0.023394107818603516
0.024715900421142578
0.023738861083984375
0.02278876304626465
0.02126145362854004
0.0210421085357666
0.02107381820678711
0.022218704223632812
0.021230220794677734
0.02146005630493164
0.021120786666870117
0.02106952667236328
0.02237558364868164
0.02051234245300293
0.020498991012573242
0.020496368408203125
0.020433664321899414
0.022833585739135742
0.021082162857055664
0.0205843448638916
0.02056574821472168
0.020390748977661133
0.021514177322387695
0.020513296127319336
0.020468950271606445
0.020398378372192383
0.020968198776245117
0.021091938018798828
0.02102351188659668
0.02107548713684082
0.02075815200805664
0.02041339874267578
0.020627498626708984
0.020447969436645508
0.021462202072143555
0.020904064178466797
0.020511627197265625
0.020574569702148438
0.020349502563476562
0.02115035057067871
0.020457029342651367
0.02043771743774414
0.02060389518737793
0.020758628845214844
0.021397829055786133
0.020645618438720703
0.02048659324645996
0.02061319351196289
0.020513534545898438
0.022493362426757812
0.0217440128326416
0.02052760124206543
0.02185964584350586
0.021457433700561523
0.02370905876159668
0.02264714241027832
0.021537303924560547
0.02190852165222168
0.021038532257080078
0.023082256317138672
0.02084827423095703
0.021985769271850586
0.022526979446411133
0.02047109603881836
0.021922588348388672
0.02107095718383789
0.02104353904724121
0.021451950073242188
0.022287607192993164
0.022474288940429688
0.020983457565307617
0.020997047424316406
0.022383928298950195
0.0213468074798584
0.02180647850036621
0.02111196517944336
0.02129983901977539
0.021326780319213867
0.023657798767089844
0.021813392639160156
0.020452260971069336
0.0203707218170166
0.02054619789123535
0.021123886108398438
0.021054506301879883
0.021741390228271484
0.02263641357421875
0.02056884765625
0.020554542541503906
0.02049398422241211
0.020495176315307617
0.021461009979248047
0.02103114128112793
0.020432710647583008
0.02049088478088379
0.020562410354614258
0.0214083194732666
0.0205075740814209
0.020511388778686523
0.02034163475036621
0.020428180694580078
0.022105693817138672
0.020349502563476562
0.020468473434448242
0.020400047302246094
0.02091217041015625
0.021370410919189453
0.020894289016723633
0.020355224609375
0.021283388137817383
0.020677566528320312
0.02133774757385254
0.022157669067382812
0.02133488655090332
0.022925138473510742
0.02254509925842285
0.023069143295288086
0.02184772491455078
0.022456645965576172
0.02048015594482422
0.02246832847595215
0.021244287490844727
0.023204803466796875
0.022050142288208008
0.02097773551940918
0.021023273468017578
0.02222442626953125
0.021152973175048828
0.020920753479003906
0.020894527435302734
0.021057605743408203
0.022902488708496094
0.02051544189453125
0.020461320877075195
0.02036881446838379
0.020899534225463867
0.021107912063598633
0.02055215835571289
0.0203554630279541
0.021633386611938477
0.02057504653930664
0.02179098129272461
0.02100515365600586
0.02148723602294922
0.02113199234008789
0.021138429641723633
0.02505326271057129
0.02053213119506836
0.020624399185180664
0.020487308502197266
0.020488977432250977
0.021407604217529297
0.021549701690673828
0.021398305892944336
0.020854949951171875
0.021260499954223633
0.0204927921295166
0.02279520034790039
0.02102041244506836
0.021193742752075195
0.023667097091674805
0.021799325942993164
0.022704124450683594
0.02215719223022461
0.021992921829223633
0.023883342742919922
0.023925304412841797
0.021919965744018555
0.022686004638671875
0.02417445182800293
0.023102521896362305
0.022704601287841797
0.025414466857910156
0.02375936508178711
0.023860931396484375
0.023260831832885742
0.022292375564575195
0.02167034149169922
0.023047685623168945
0.02290821075439453
0.02243351936340332
0.021495580673217773
0.02057671546936035
0.02166271209716797
0.02053356170654297
0.021704912185668945
0.02155470848083496
0.021147489547729492
0.02117609977722168
0.02102494239807129
0.022049903869628906
0.020995616912841797
0.020592451095581055
0.020562171936035156
0.020534038543701172
0.021990299224853516
0.021100282669067383
0.021078824996948242
0.021035432815551758
0.02227044105529785
0.02273249626159668
0.020605802536010742
0.02071976661682129
0.02052617073059082
0.021639347076416016
0.02170729637145996
0.020527362823486328
0.020549535751342773
0.02050924301147461
0.020624160766601562
0.021286725997924805
0.020521879196166992
0.020499467849731445
0.021030426025390625
0.020529985427856445
0.021863222122192383
0.020616531372070312
0.0205230712890625
0.021497249603271484
0.020571470260620117
0.021871089935302734
0.021177053451538086
0.021723508834838867
0.021160602569580078
0.023438215255737305
0.02065253257751465
0.020705461502075195
0.02047109603881836
0.0214691162109375
0.021924972534179688
0.02146172523498535
0.021494388580322266
0.022336959838867188
0.022050142288208008
0.025765180587768555
0.024302244186401367
0.0227200984954834
0.021679162979125977
0.0240170955657959
0.022173166275024414
0.022604942321777344
0.024258136749267578
0.02312636375427246
0.02232217788696289
0.022095680236816406
0.021154165267944336
0.021191120147705078
0.02258014678955078
0.02072620391845703
0.020919084548950195
0.021265745162963867
0.0208132266998291
0.024472475051879883
0.020681381225585938
0.020483016967773438
0.022300243377685547
0.02148151397705078
0.02623581886291504
0.02200627326965332
0.022315502166748047
0.022090911865234375
0.021292686462402344
0.022861003875732422
0.020642757415771484
0.020663738250732422
0.02150440216064453
0.020629405975341797
0.02202582359313965
0.0212404727935791
0.021253108978271484
0.021309852600097656
0.02110433578491211
0.021793842315673828
0.021142005920410156
0.021098852157592773
0.021046876907348633
0.02249455451965332
0.022259235382080078
0.020659208297729492
0.020420551300048828
0.020566701889038086
0.020443439483642578
0.0221712589263916
0.020451784133911133
0.020606517791748047
0.02094721794128418
0.020458221435546875
0.022004127502441406
0.02077484130859375
0.020612239837646484
0.02162456512451172
0.020476579666137695
0.021322965621948242
0.022612571716308594
0.02467656135559082
0.02215862274169922
0.021935701370239258
0.022370576858520508
0.02106189727783203
0.022993087768554688
0.021031856536865234
0.022925615310668945
0.02241373062133789
0.021768808364868164
0.022017955780029297
0.021048545837402344
0.022069931030273438
0.02114725112915039
0.021154403686523438
0.021121740341186523
0.021128416061401367
0.022173643112182617
0.02156686782836914
0.02091836929321289
0.021039247512817383
0.021030187606811523
0.0243990421295166
0.02068018913269043
0.020464181900024414
0.020572900772094727
0.02049112319946289
0.023300886154174805
0.022461891174316406
0.020618677139282227
0.02062678337097168
0.03130769729614258
0.020799636840820312
0.029862165451049805
0.029056787490844727
0.02927541732788086
0.029803991317749023
0.029068946838378906
0.02916717529296875
0.02938365936279297
0.029753684997558594
0.03071761131286621
0.029154062271118164
0.029306650161743164
0.029046297073364258
0.03204631805419922
0.030022859573364258
0.0326690673828125
0.03202176094055176
0.029581546783447266
0.03340268135070801
0.036141157150268555
0.03287529945373535
0.0323023796081543
0.03528642654418945
0.03370022773742676
0.030823469161987305
0.033025264739990234
0.03028249740600586
0.030780315399169922
0.029371976852416992
0.029285192489624023
0.029694318771362305
0.029650449752807617
0.029318571090698242
0.029085636138916016
0.029364347457885742
0.029105186462402344
0.02918839454650879
0.02942824363708496
0.028998851776123047
0.030303001403808594
0.02959585189819336
0.02943730354309082
0.029828786849975586
0.029307126998901367
0.029438018798828125
0.029023170471191406
0.02915787696838379
0.02929401397705078
0.029242753982543945
0.02959609031677246
0.029335737228393555
0.02914714813232422
0.02891373634338379
0.0295865535736084
0.029102325439453125
0.02968144416809082
0.029458045959472656
0.029415607452392578
0.030225276947021484
0.029074430465698242
0.029024362564086914
0.03065013885498047
0.030919313430786133
0.03152632713317871
0.032027482986450195
0.032210588455200195
0.029098987579345703
0.031770944595336914
0.03145194053649902
0.031011343002319336
0.029039382934570312
0.030415058135986328
0.029266357421875
0.029013633728027344
0.0293271541595459
0.02953338623046875
0.029572725296020508
0.029366254806518555
0.029222965240478516
0.02916550636291504
0.029382705688476562
0.029131650924682617
0.03237509727478027
0.032277584075927734
0.03046560287475586
0.029499530792236328
0.030036211013793945
0.029230833053588867
0.029087305068969727
0.03014850616455078
0.028944969177246094
0.029285669326782227
0.029483318328857422
0.02892899513244629
0.03004741668701172
0.02905893325805664
0.02893972396850586
0.029187917709350586
0.028969764709472656
0.029574155807495117
0.029271841049194336
0.02933645248413086
0.029477834701538086
0.030530691146850586
0.02901148796081543
0.030272245407104492
0.03279685974121094
0.0361328125
0.032329559326171875
0.031786441802978516
0.03596758842468262
0.02917337417602539
0.03600907325744629
0.029998779296875
0.030712127685546875
0.02934551239013672
0.02938532829284668
0.029105663299560547
0.029066085815429688
0.02902674674987793
0.029059171676635742
0.029608488082885742
0.0290071964263916
0.029035329818725586
0.029325246810913086
0.029010295867919922
0.028918981552124023
0.030521631240844727
0.02912425994873047
0.029107093811035156
0.029532194137573242
0.02928614616394043
0.02899312973022461
0.029143571853637695
0.028987646102905273
0.028983592987060547
0.02904033660888672
0.0291135311126709
0.02926182746887207
0.030251026153564453
0.02937173843383789
0.029707908630371094
0.02923417091369629
0.029152393341064453
0.02927565574645996
0.029383420944213867
0.0303494930267334
0.029712200164794922
0.03278040885925293
0.03272747993469238
0.03118157386779785
0.032639503479003906
0.03392529487609863
0.0321354866027832
0.033030033111572266
0.03147411346435547
0.0289764404296875
0.029645919799804688
0.029441356658935547
0.029152393341064453
0.029346942901611328
0.02932882308959961
0.029738903045654297
0.030233144760131836
0.029651165008544922
0.029309511184692383
0.02928757667541504
0.030555009841918945
0.029318809509277344
0.02902984619140625
0.02921438217163086
0.028865575790405273
0.029515504837036133
0.02888202667236328
0.02956390380859375
0.02913951873779297
0.029172658920288086
0.029349088668823242
0.029005050659179688
0.029087543487548828
0.028928279876708984
0.029744625091552734
0.029056310653686523
0.029299259185791016
0.028919696807861328
0.02979445457458496
0.028861284255981445
0.0290067195892334
0.028942584991455078
0.028859376907348633
0.03732776641845703
0.03316760063171387
0.032883644104003906
0.0338284969329834
0.032251834869384766
0.031705617904663086
0.030204057693481445
0.029947519302368164
0.030568361282348633
0.02973341941833496
0.029662609100341797
0.029264211654663086
0.029021024703979492
0.0292205810546875
0.029141664505004883
0.02931952476501465
0.02938055992126465
0.029280662536621094
0.029815196990966797
0.03026270866394043
0.030670881271362305
0.030246973037719727
0.031473636627197266
0.03118753433227539
0.030046939849853516
0.029456138610839844
0.030758142471313477
0.029408931732177734
0.028859853744506836
0.03015732765197754
0.029315710067749023
0.02906966209411621
0.028779983520507812
0.029092073440551758
0.029276132583618164
0.029178857803344727
0.02943563461303711
0.02909541130065918
0.029057025909423828
0.028948068618774414
0.02938675880432129
0.029114723205566406
0.0290834903717041
0.033513545989990234
0.032324790954589844
0.0319819450378418
0.03041219711303711
0.030527830123901367
0.030022859573364258
0.029736757278442383
0.03049015998840332
0.029072999954223633
0.03024911880493164
0.0291140079498291
0.02953481674194336
0.029285192489624023
0.02925276756286621
0.029268980026245117
0.029013872146606445
0.029338836669921875
0.02889561653137207
0.029152393341064453
0.028880596160888672
0.02974081039428711
0.02940058708190918
0.030460596084594727
0.02923583984375
0.029204607009887695
0.029096126556396484
0.02916121482849121
0.02931666374206543
0.029205799102783203
0.029680252075195312
0.029346466064453125
0.028997421264648438
0.029119253158569336
0.02913689613342285
0.029089927673339844
0.0291140079498291
0.028836727142333984
0.029523372650146484
0.029793500900268555
0.029821395874023438
0.0305783748626709
0.029327392578125
0.02911376953125
0.03049325942993164
0.03718876838684082
0.03540182113647461
0.033933401107788086
0.03321504592895508
0.03371715545654297
0.03235316276550293
0.031264543533325195
0.03023242950439453
0.0323336124420166
0.030757665634155273
0.02905726432800293
0.030054330825805664
0.02967214584350586
0.0290682315826416
0.029214143753051758
0.029067277908325195
0.029260873794555664
0.028948307037353516
0.029218673706054688
0.02905416488647461
0.029188871383666992
0.02948164939880371
0.03045964241027832
0.02896428108215332
0.029044628143310547
0.02926325798034668
0.029372692108154297
0.02957940101623535
0.028963565826416016
0.029088973999023438
0.029803752899169922
0.02901434898376465
0.029427289962768555
0.02918219566345215
0.02877330780029297
0.0290982723236084
0.028956174850463867
0.02940678596496582
0.029107093811035156
0.029387950897216797
0.02942037582397461
0.02907848358154297
0.028822898864746094
0.03150629997253418
0.03275585174560547
0.03166508674621582
0.03247261047363281
0.029121875762939453
0.03192853927612305
0.02995610237121582
0.031160593032836914
0.028905153274536133
0.030859947204589844
0.029033660888671875
0.029139041900634766
0.0289762020111084
0.029076099395751953
0.02982473373413086
0.029560565948486328
0.0291292667388916
0.029109954833984375
0.028951644897460938
0.029215097427368164
0.0290985107421875
0.029053926467895508
0.02982163429260254
0.03156113624572754
0.0303194522857666
0.029344797134399414
0.03152203559875488
0.0316309928894043
0.030099153518676758
0.030174970626831055
0.028946876525878906
0.030568361282348633
0.02947854995727539
0.029979228973388672
0.02922344207763672
0.028902053833007812
0.029173851013183594
0.028713226318359375
0.0290377140045166
0.030155658721923828
0.023606538772583008
0.021448373794555664
0.02106475830078125
0.02102041244506836
0.02100682258605957
0.0216367244720459
0.024217844009399414
0.023231029510498047
0.023350238800048828
0.02467942237854004
0.0240020751953125
0.0232696533203125
0.02344965934753418
0.021477460861206055
0.0224611759185791
0.021502017974853516
0.020814895629882812
0.02249455451965332
0.02105879783630371
0.021654367446899414
0.020968914031982422
0.021056652069091797
0.020969629287719727
0.020894527435302734
0.02068305015563965
0.020690202713012695
0.020740747451782227
0.020735740661621094
0.021190404891967773
0.020798921585083008
0.020730257034301758
0.020641803741455078
0.02068614959716797
0.0206148624420166
0.020607709884643555
0.020609378814697266
0.020716428756713867
0.022121429443359375
0.02067708969116211
0.02064824104309082
0.02065110206604004
0.020591020584106445
0.020657777786254883
0.020538330078125
0.020588397979736328
0.020548582077026367
0.020987510681152344
0.020592927932739258
0.020557165145874023
0.020547866821289062
0.02058577537536621
0.020731687545776367
0.020757675170898438
0.02075052261352539
0.0206451416015625
0.02102065086364746
0.020531892776489258
0.020512819290161133
0.020549774169921875
0.020496845245361328
0.020511388778686523
0.02042102813720703
0.02055811882019043
0.020461559295654297
0.022446393966674805
0.020507335662841797
0.020930051803588867
0.022528648376464844
0.02315974235534668
0.024198532104492188
0.024738311767578125
0.023223876953125
0.021735668182373047
0.022927522659301758
0.02383255958557129
0.02315688133239746
0.021670818328857422
0.023005008697509766
0.022823810577392578
0.024881839752197266
0.02231454849243164
0.023830413818359375
0.02207779884338379
0.022620439529418945
0.02110910415649414
0.020631074905395508
0.021612882614135742
0.02054595947265625
0.020537137985229492
0.020729541778564453
0.02077007293701172
0.021031618118286133
0.020522117614746094
0.02046799659729004
0.020762920379638672
0.020727157592773438
0.02067089080810547
0.020771265029907227
0.02054286003112793
0.02168560028076172
0.020958900451660156
0.020522356033325195
0.020586490631103516
0.02054452896118164
0.02055668830871582
0.020514965057373047
0.020755529403686523
0.020578861236572266
0.020719528198242188
0.02124190330505371
0.021442651748657227
0.020840883255004883
0.020916461944580078
0.02069711685180664
0.020673513412475586
0.020372390747070312
0.020435810089111328
0.020525455474853516
0.020896196365356445
0.020626544952392578
0.02056407928466797
0.0225069522857666
0.02088785171508789
0.02065110206604004
0.02048325538635254
0.020383119583129883
0.022438526153564453
0.0225677490234375
0.025093555450439453
0.021597862243652344
0.024505615234375
0.023608922958374023
0.023771286010742188
0.021418094635009766
0.023578166961669922
0.023614883422851562
0.021709680557250977
0.020397663116455078
0.021120786666870117
0.02041172981262207
0.021715641021728516
0.020574331283569336
0.020557165145874023
0.02078986167907715
0.0204775333404541
0.02091526985168457
0.02060985565185547
0.02046513557434082
0.02050042152404785
0.020521879196166992
0.02043437957763672
0.020660877227783203
0.020729780197143555
0.020435094833374023
0.02093672752380371
0.020433425903320312
0.020635366439819336
0.02045893669128418
0.02046966552734375
0.020429372787475586
0.020454883575439453
0.021780967712402344
0.021173715591430664
0.0208895206451416
0.02128911018371582
0.021663904190063477
0.020369529724121094
0.020397424697875977
0.02214813232421875
0.021378278732299805
0.021244525909423828
0.021283626556396484
0.02086472511291504
0.021328449249267578
0.0205228328704834
0.020446300506591797
0.020466089248657227
0.0204007625579834
0.021383047103881836
0.02041935920715332
0.020400524139404297
0.020883560180664062
0.020426511764526367
0.020426511764526367
0.020371675491333008
0.02048516273498535
0.02040863037109375
0.02041792869567871
0.020386219024658203
0.020458221435546875
0.024131059646606445
0.022009611129760742
0.022635459899902344
0.02032470703125
0.02262592315673828
0.020409822463989258
0.020336389541625977
0.0219268798828125
0.020968198776245117
0.020447254180908203
0.021698713302612305
0.020391464233398438
0.02050614356994629
0.02047419548034668
0.020331621170043945
0.020570755004882812
0.020891427993774414
0.02041029930114746
0.020414352416992188
0.020421743392944336
0.02048468589782715
0.02040886878967285
0.020498991012573242
0.020595073699951172
0.02053093910217285
0.021008729934692383
0.020632505416870117
0.020604372024536133
0.02052927017211914
0.02063727378845215
0.0205538272857666
0.020498991012573242
0.02171778678894043
0.020792007446289062
0.021010160446166992
0.02047252655029297
0.020595550537109375
0.0204925537109375
0.02060723304748535
0.020434856414794922
0.020357608795166016
0.02161240577697754
0.020855188369750977
0.02124333381652832
0.02048802375793457
0.020399093627929688
0.020452499389648438
0.020343542098999023
0.020354032516479492
0.020258188247680664
0.020431995391845703
0.02030658721923828
0.020766496658325195
0.021323680877685547
0.020445823669433594
0.020795822143554688
0.020398855209350586
0.020783185958862305
0.020312786102294922
0.021811723709106445
0.024654388427734375
0.023285865783691406
0.023550033569335938
0.02346348762512207
0.023535490036010742
0.021428585052490234
0.022434711456298828
0.02133488655090332
0.02343916893005371
0.023895263671875
0.023176908493041992
0.020949125289916992
0.022474050521850586
0.02211618423461914
0.021985292434692383
0.0209810733795166
0.02221202850341797
0.021427392959594727
0.020406007766723633
0.023279905319213867
0.021327495574951172
0.02095770835876465
0.0211179256439209
0.02158069610595703
0.020421266555786133
0.02043747901916504
0.020488977432250977
0.02043747901916504
0.020908117294311523
0.020854711532592773
0.020452260971069336
0.02044963836669922
0.020441293716430664
0.021633386611938477
0.020540952682495117
0.020448923110961914
0.020459413528442383
0.02089548110961914
0.020696640014648438
0.020584583282470703
0.020409345626831055
0.020357370376586914
0.02044200897216797
0.020688533782958984
0.020673751831054688
0.020653724670410156
0.02109074592590332
0.02043890953063965
0.020360469818115234
0.02042675018310547
0.020509958267211914
0.020357370376586914
0.020465373992919922
0.020378828048706055
0.020356178283691406
0.020876407623291016
0.02042102813720703
0.020640850067138672
0.02063608169555664
0.02063775062561035
0.020464420318603516
0.020369529724121094
0.02337646484375
0.02153325080871582
0.022820472717285156
0.023088932037353516
0.021631717681884766
0.02042245864868164
0.022531509399414062
0.02037334442138672
0.020325660705566406
0.021479129791259766
0.021413803100585938
0.021017074584960938
0.02165818214416504
0.02050328254699707
0.020519018173217773
0.020457744598388672
0.02055954933166504
0.02055048942565918
0.020348072052001953
0.020554065704345703
0.020910263061523438
0.02045750617980957
0.020498991012573242
0.020704269409179688
0.020648717880249023
0.020468473434448242
0.020434856414794922
0.02050495147705078
0.020641326904296875
0.02116227149963379
0.02040386199951172
0.020471572875976562
0.020567893981933594
0.02039933204650879
0.021533727645874023
0.020291566848754883
0.020439624786376953
0.020458698272705078
0.020908594131469727
0.021216869354248047
0.020309925079345703
0.021059274673461914
0.02145695686340332
0.020556211471557617
0.02317070960998535
0.020399808883666992
0.022408723831176758
0.02168440818786621
0.02050924301147461
0.0205385684967041
0.021015167236328125
0.02045297622680664
0.020471811294555664
0.02026200294494629
0.022387027740478516
0.020364761352539062
0.020821094512939453
0.0203859806060791
0.02146315574645996
0.021864652633666992
0.021776676177978516
0.02392864227294922
0.02313971519470215
0.02364373207092285
0.02347254753112793
0.02544713020324707
0.022350311279296875
0.023006200790405273
0.022200345993041992
0.021920204162597656
0.02175164222717285
0.021602392196655273
0.020506620407104492
0.02151775360107422
0.020853519439697266
0.02047109603881836
0.02044224739074707
0.02059149742126465
0.02050948143005371
0.020433902740478516
0.02045297622680664
0.020647287368774414
0.02048492431640625
0.020898818969726562
0.020427703857421875
0.020456552505493164
0.020401477813720703
0.02041029930114746
0.02040386199951172
0.020464658737182617
0.020528078079223633
0.02037501335144043
0.020910263061523438
0.02045273780822754
0.020678043365478516
0.02047872543334961
0.021643400192260742
0.020397663116455078
0.020472288131713867
0.020383834838867188
0.0203857421875
0.02091383934020996
0.020457983016967773
0.02036571502685547
0.020388364791870117
0.020377159118652344
0.02039813995361328
0.02041029930114746
0.020360231399536133
0.02051377296447754
0.021091699600219727
0.020813703536987305
0.020660400390625
0.020605802536010742
0.0205996036529541
0.020371675491333008
0.020518779754638672
0.02065587043762207
0.020505428314208984
0.02087235450744629
0.02055835723876953
0.020725727081298828
0.02042531967163086
0.02045917510986328
0.02320241928100586
0.021561384201049805
0.022461652755737305
0.022995710372924805
0.02313232421875
0.020553112030029297
0.02153468132019043
0.021646499633789062
0.020575523376464844
0.02164459228515625
0.022151708602905273
0.02052140235900879
0.02228689193725586
0.02391338348388672
0.021992921829223633
0.021702289581298828
0.020719051361083984
0.02226424217224121
0.02206897735595703
0.02108311653137207
0.022531986236572266
0.021591663360595703
0.021139144897460938
0.021331071853637695
0.02175617218017578
0.020506858825683594
0.021430253982543945
0.021542787551879883
0.020475149154663086
0.020514726638793945
0.020532608032226562
0.020956754684448242
0.020537376403808594
0.020894765853881836
0.02160048484802246
0.020534276962280273
0.020473241806030273
0.020357847213745117
0.020489931106567383
0.020461320877075195
0.020873069763183594
0.020468950271606445
0.021639585494995117
0.02037501335144043
0.020537376403808594
0.02049732208251953
0.020520448684692383
0.02066826820373535
0.020570755004882812
0.020949125289916992
0.020455121994018555
0.02052140235900879
0.02055668830871582
0.020696640014648438
0.02060413360595703
0.020522117614746094
0.020526885986328125
0.020517349243164062
0.021115541458129883
0.02117753028869629
0.023439645767211914
0.023778200149536133
0.022897958755493164
0.02500009536743164
0.023841142654418945
0.022907018661499023
0.020514488220214844
0.02337503433227539
0.02282404899597168
0.02054762840270996
0.021615266799926758
0.021624326705932617
0.020673513412475586
0.02186894416809082
0.02066493034362793
0.020639657974243164
0.021017074584960938
0.020473241806030273
0.020543336868286133
0.020551443099975586
0.020567655563354492
0.0204925537109375
0.020592689514160156
0.020563125610351562
0.0205228328704834
0.021210908889770508
0.02086162567138672
0.020579099655151367
0.020453691482543945
0.020595073699951172
0.020462989807128906
0.02068305015563965
0.020601272583007812
0.020827054977416992
0.021091938018798828
0.020734310150146484
0.020538330078125
0.021919727325439453
0.020608186721801758
0.020669221878051758
0.02054738998413086
0.020581483840942383
0.02066779136657715
0.02105879783630371
0.021230459213256836
0.020766019821166992
0.02118849754333496
0.02060413360595703
0.021602630615234375
0.021736860275268555
0.020592212677001953
0.021368980407714844
0.02211737632751465
0.02167487144470215
0.020824909210205078
0.021769046783447266
0.021343469619750977
0.020976781845092773
0.020889759063720703
0.021639585494995117
0.020843029022216797
0.021485090255737305
0.020824193954467773
0.02406001091003418
0.021756410598754883
0.022823095321655273
0.023317575454711914
0.022960662841796875
0.020519495010375977
0.022610187530517578
0.02096843719482422
0.020600318908691406
0.021558046340942383
0.02099132537841797
0.0205841064453125
0.021934986114501953
0.020543575286865234
0.02057051658630371
0.020624876022338867
0.02111029624938965
0.020569324493408203
0.020635604858398438
0.020602941513061523
0.02060413360595703
0.02066349983215332
0.0205233097076416
0.020602703094482422
0.02066349983215332
0.021056652069091797
0.020681142807006836
0.020719051361083984
0.020753860473632812
0.02069091796875
0.020483732223510742
0.020750999450683594
0.02059197425842285
0.02100229263305664
0.02076244354248047
0.021909713745117188
0.021159887313842773
0.020637035369873047
0.020836591720581055
0.02060222625732422
0.02066493034362793
0.020633935928344727
0.021218538284301758
0.020810365676879883
0.020541667938232422
0.020685911178588867
0.020847320556640625
0.020602941513061523
0.020833730697631836
0.02086663246154785
0.020728349685668945
0.021143198013305664
0.022084474563598633
0.020718097686767578
0.020861387252807617
0.02091217041015625
0.02144169807434082
0.021985292434692383
0.021932125091552734
0.024891138076782227
0.025357484817504883
0.022797346115112305
0.025234222412109375
0.026603221893310547
0.022460460662841797
0.0243227481842041
0.023593425750732422
0.021524667739868164
0.02081465721130371
0.022503137588500977
0.022065401077270508
0.02092909812927246
0.022130250930786133
0.020917892456054688
0.021669864654541016
0.020897388458251953
0.0215609073638916
0.024469852447509766
0.02105426788330078
0.021270751953125
0.020668506622314453
0.02213144302368164
0.02108311653137207
0.020917892456054688
0.022303342819213867
0.02162909507751465
0.021027088165283203
0.021044015884399414
0.02162623405456543
0.020670175552368164
0.02129197120666504
0.021767377853393555
0.02053999900817871
0.0206606388092041
0.020825862884521484
0.021936655044555664
0.021224021911621094
0.020842790603637695
0.02104783058166504
0.02083444595336914
0.020734071731567383
0.02066493034362793
0.020588159561157227
0.020601272583007812
0.0207672119140625
0.021416902542114258
0.020746231079101562
0.020758390426635742
0.02055525779724121
0.020557641983032227
0.020666837692260742
0.0205535888671875
0.02071666717529297
0.020701885223388672
0.021216630935668945
0.020786046981811523
0.020609378814697266
0.020656585693359375
0.02057957649230957
0.02058553695678711
0.0205535888671875
0.022801876068115234
0.02184915542602539
0.02437615394592285
0.023055076599121094
0.02168560028076172
0.021783828735351562
0.021528959274291992
0.021337032318115234
0.02086186408996582
0.02193593978881836
0.022084951400756836
0.02106475830078125
0.021935462951660156
0.02076888084411621
0.020608186721801758
0.020619869232177734
0.020672082901000977
0.020618200302124023
0.020614147186279297
0.020637035369873047
0.020961284637451172
0.02067875862121582
0.0206453800201416
0.020572185516357422
0.020633697509765625
0.0206606388092041
0.020758867263793945
0.020891427993774414
0.02095484733581543
0.021076679229736328
0.020580291748046875
0.020633935928344727
0.02072453498840332
0.020839214324951172
0.020649194717407227
0.020786762237548828
0.020870685577392578
0.021317481994628906
0.021301984786987305
0.02095961570739746
0.02071404457092285
0.02154707908630371
0.02082061767578125
0.020786523818969727
0.020605087280273438
0.020622730255126953
0.0206453800201416
0.02168893814086914
0.02059006690979004
0.021297454833984375
0.020590543746948242
0.021638154983520508
0.0219571590423584
0.02132582664489746
0.022663593292236328
0.022443294525146484
0.021236419677734375
0.021188735961914062
0.022411108016967773
0.023003578186035156
0.02235269546508789
0.021759510040283203
0.024047374725341797
0.02410125732421875
0.025403976440429688
0.023331165313720703
0.023427963256835938
0.02409958839416504
0.02172708511352539
0.02073955535888672
0.021207571029663086
0.021266460418701172
0.020594120025634766
0.02174687385559082
0.021062135696411133
0.020755767822265625
0.020758867263793945
0.02084517478942871
0.020674467086791992
0.020597457885742188
0.020630598068237305
0.020689964294433594
0.020617246627807617
0.021180391311645508
0.020778179168701172
0.020823001861572266
0.02090311050415039
0.02097296714782715
0.020930767059326172
0.02085089683532715
0.02065753936767578
0.02093982696533203
0.02146124839782715
0.020685911178588867
0.020686864852905273
0.020606279373168945
0.02070760726928711
0.020536422729492188
0.021273374557495117
0.02057337760925293
0.0205686092376709
0.021112442016601562
0.020691633224487305
0.02068638801574707
0.0206301212310791
0.020708322525024414
0.020592451095581055
0.020587682723999023
0.020569562911987305
0.02063441276550293
0.02097797393798828
0.021004199981689453
0.02090930938720703
0.020894527435302734
0.020690202713012695
0.020704984664916992
0.020615339279174805
0.020662784576416016
0.02062511444091797
0.020972251892089844
0.020912885665893555
0.02066946029663086
0.020580291748046875
0.022072315216064453
0.02129340171813965
0.023760080337524414
0.021942853927612305
0.0215451717376709
0.022211074829101562
0.023026704788208008
0.021725177764892578
0.020673513412475586
0.021755456924438477
0.02172541618347168
0.02068042755126953
0.021639585494995117
0.020901203155517578
0.021338939666748047
0.0207517147064209
0.020627260208129883
0.020746707916259766
0.0216367244720459
0.02078390121459961
0.020621061325073242
0.022310495376586914
0.024828672409057617
0.021227121353149414
0.02100515365600586
0.02076864242553711
0.0232391357421875
0.02100539207458496
0.023866891860961914
0.021987199783325195
0.0209503173828125
0.020928621292114258
0.02184271812438965
0.02086019515991211
0.021650314331054688
0.02062535285949707
0.02159404754638672
0.0211944580078125
0.0206453800201416
0.020745277404785156
0.020629167556762695
0.02121877670288086
0.020653724670410156
0.020792484283447266
0.020741701126098633
0.021060705184936523
0.020630836486816406
0.02057814598083496
0.020728588104248047
0.02064371109008789
0.02163076400756836
0.021629810333251953
0.02155327796936035
0.02068352699279785
0.02079606056213379
0.020590782165527344
0.023250341415405273
0.020784616470336914
0.022968053817749023
0.02491307258605957
0.02075028419494629
0.02405571937561035
0.02338433265686035
0.023196935653686523
0.024144411087036133
0.024137020111083984
0.022571563720703125
0.023808717727661133
0.021204710006713867
0.02186298370361328
0.020885944366455078
0.023225784301757812
0.020839214324951172
0.021884918212890625
0.020751953125
0.020807743072509766
0.020895957946777344
0.021461009979248047
0.02065277099609375
0.02079010009765625
0.020601987838745117
0.020662546157836914
0.02075505256652832
0.020574569702148438
0.02067255973815918
0.020642518997192383
0.020948171615600586
0.02073502540588379
0.02054595947265625
0.020610332489013672
0.02071213722229004
0.02074909210205078
0.020849227905273438
0.020760774612426758
0.02071070671081543
0.02113032341003418
0.02123546600341797
0.020853281021118164
0.022110939025878906
0.02093029022216797
0.0207979679107666
0.02064800262451172
0.020717144012451172
0.02081751823425293
0.02103590965270996
0.020730018615722656
0.020634889602661133
0.020585060119628906
0.02068614959716797
0.020608901977539062
0.02074432373046875
0.021396398544311523
0.020685672760009766
0.02161717414855957
0.020694732666015625
0.020705461502075195
0.021307706832885742
0.022797822952270508
0.021584510803222656
0.021622180938720703
0.022488832473754883
0.020721912384033203
0.023523569107055664
0.02132439613342285
0.023749113082885742
0.022918701171875
0.022815704345703125
0.020967960357666016
0.021871566772460938
0.021851301193237305
0.020619869232177734
0.022217512130737305
0.021670103073120117
0.020607709884643555
0.021921634674072266
0.020699024200439453
0.020676136016845703
0.020604610443115234
0.02073359489440918
0.020721912384033203
0.02106618881225586
0.0209653377532959
0.020664691925048828
0.02071094512939453
0.020665884017944336
0.020620107650756836
0.02067089080810547
0.020642518997192383
0.0207674503326416
0.02127671241760254
0.020968198776245117
0.020641803741455078
0.020752906799316406
0.020548343658447266
0.020572900772094727
0.0207064151763916
0.02063775062561035
0.0206148624420166
0.021234989166259766
0.020858287811279297
0.022057771682739258
0.02092146873474121
0.02169179916381836
0.020939350128173828
0.020646095275878906
0.020849943161010742
0.020925283432006836
0.02104926109313965
0.02086639404296875
0.02082228660583496
0.020937204360961914
0.020927906036376953
0.020931243896484375
0.020755529403686523
0.02108478546142578
0.020744800567626953
0.021138668060302734
0.020740509033203125
0.02092432975769043
0.021021127700805664
0.022889375686645508
0.02173137664794922
0.024616479873657227
0.02472996711730957
0.02299666404724121
0.023459196090698242
0.02207803726196289
0.02251458168029785
0.023646831512451172
0.02066779136657715
0.02183842658996582
0.02169179916381836
0.022010087966918945
0.020635366439819336
0.022179365158081055
0.020703792572021484
0.020815372467041016
0.021013736724853516
0.020806074142456055
0.021305084228515625
0.020673036575317383
0.0211331844329834
0.02076411247253418
0.021599292755126953
0.020694732666015625
0.020653486251831055
0.0227353572845459
0.02391529083251953
0.020772218704223633
0.02099299430847168
0.02137160301208496
0.022473812103271484
0.021005630493164062
0.022151708602905273
0.021439552307128906
0.021985292434692383
0.020602703094482422
0.022305965423583984
0.020759105682373047
0.02185988426208496
0.020685672760009766
0.021736860275268555
0.020795345306396484
0.02068328857421875
0.020754098892211914
0.02083730697631836
0.020778656005859375
0.020689010620117188
0.021418333053588867
0.021149635314941406
0.020696640014648438
0.02062058448791504
0.020685434341430664
0.02062201499938965
0.020708322525024414
0.02082037925720215
0.020896434783935547
0.02118206024169922
0.0210418701171875
0.020959138870239258
0.020679473876953125
0.020681381225585938
0.022156476974487305
0.022925615310668945
0.022946596145629883
0.02190399169921875
0.02364325523376465
0.02188873291015625
0.020845651626586914
0.02298569679260254
0.022249698638916016
0.021350622177124023
0.02105712890625
0.02227163314819336
0.02082347869873047
0.02259349822998047
0.020751953125
0.020647048950195312
0.020849943161010742
0.020998716354370117
0.020952463150024414
0.020711183547973633
0.020672082901000977
0.020754098892211914
0.021376609802246094
0.020843505859375
0.020848512649536133
0.020679473876953125
0.02070474624633789
0.020719289779663086
0.020749330520629883
0.02056121826171875
0.02068161964416504
0.021288394927978516
0.02078700065612793
0.02086043357849121
0.020836591720581055
0.02079629898071289
0.02077007293701172
0.02061748504638672
0.020835161209106445
0.022099733352661133
0.02107691764831543
0.020723342895507812
0.020971059799194336
0.02101588249206543
0.02084040641784668
0.020724058151245117
0.020722627639770508
0.02079153060913086
0.020906448364257812
0.021381855010986328
0.02084040641784668
0.02181696891784668
0.02163219451904297
0.020672321319580078
0.021026611328125
0.022161483764648438
0.022028684616088867
0.02162313461303711
0.023146390914916992
0.0247194766998291
0.023102283477783203
0.022962570190429688
0.024007081985473633
0.02515554428100586
0.025188684463500977
0.023416996002197266
0.023967504501342773
0.02244114875793457
0.02180027961730957
0.022831201553344727
0.02193427085876465
0.02220320701599121
0.020954370498657227
0.022098302841186523
0.0210115909576416
0.02085399627685547
0.021311521530151367
0.020987987518310547
0.0210268497467041
0.020960330963134766
0.02103137969970703
0.02080988883972168
0.020779132843017578
0.020657777786254883
0.02098846435546875
0.021439790725708008
0.02079606056213379
0.020908594131469727
0.020923614501953125
0.02101445198059082
0.020987749099731445
0.02077960968017578
0.02078843116760254
0.02066206932067871
0.02117919921875
0.02062702178955078
0.020740985870361328
0.02066493034362793
0.020768404006958008
0.020635604858398438
0.021306514739990234
0.02068495750427246
0.020868778228759766
0.02125263214111328
0.021015644073486328
0.020872116088867188
0.020729541778564453
0.020962953567504883
0.020781517028808594
0.020632505416870117
0.020673513412475586
0.02068018913269043
0.021149873733520508
0.020661115646362305
0.02074599266052246
0.020647287368774414
0.02078557014465332
0.02077174186706543
0.020839691162109375
0.02077651023864746
0.020653247833251953
0.021182537078857422
0.02079629898071289
0.024051904678344727
0.022013425827026367
0.022980928421020508
0.023293018341064453
0.021747827529907227
0.020766019821166992
0.02169632911682129
0.022398948669433594
0.021999597549438477
0.02154064178466797
0.021925687789916992
0.02108311653137207
0.02184748649597168
0.02071213722229004
0.020621538162231445
0.020793437957763672
0.021131515502929688
0.020844459533691406
0.0208742618560791
0.020719051361083984
0.021233320236206055
0.020712614059448242
0.02082228660583496
0.02101898193359375
0.021231651306152344
0.021208524703979492
0.022016525268554688
0.02084803581237793
0.02124166488647461
0.023395538330078125
0.022394418716430664
0.02073383331298828
0.020618677139282227
0.022307872772216797
0.023934602737426758
0.022070884704589844
0.022138595581054688
0.022253990173339844
0.021600008010864258
0.02300429344177246
0.02045607566833496
0.021575927734375
0.020668745040893555
0.022260665893554688
0.02070307731628418
0.020946979522705078
0.020673274993896484
0.020807266235351562
0.020656108856201172
0.020834922790527344
0.0211946964263916
0.02064204216003418
0.021071672439575195
0.020733118057250977
0.02083897590637207
0.021707534790039062
0.021975040435791016
0.023133277893066406
0.022150516510009766
0.02210545539855957
0.023810625076293945
0.024966955184936523
0.024086475372314453
0.023908615112304688
0.02289414405822754
0.022554636001586914
0.021915674209594727
0.02166438102722168
0.020699024200439453
0.02446269989013672
0.022007465362548828
0.02079939842224121
0.022478103637695312
0.020992040634155273
0.020985126495361328
0.021168231964111328
0.02065587043762207
0.02063584327697754
0.020720481872558594
0.021202564239501953
0.020685672760009766
0.020951509475708008
0.020897626876831055
0.02145075798034668
0.020978689193725586
0.02096867561340332
0.02091693878173828
0.020904064178466797
0.02111363410949707
0.0211026668548584
0.020849227905273438
0.020807266235351562
0.020624637603759766
0.020761489868164062
0.02073836326599121
0.02066779136657715
0.020659685134887695
0.021080732345581055
0.020869970321655273
0.02074408531188965
0.02138972282409668
0.02116084098815918
0.021052122116088867
0.02097296714782715
0.02066206932067871
0.02059769630432129
0.021113157272338867
0.020917654037475586
0.0207369327545166
0.02079606056213379
0.021035194396972656
0.020986557006835938
0.020908117294311523
0.02075028419494629
0.020832061767578125
0.02115035057067871
0.020903348922729492
0.020680904388427734
0.020739078521728516
0.021555185317993164
0.02145552635192871
0.021117448806762695
0.023448944091796875
0.021261930465698242
0.02298116683959961
0.02445077896118164
0.02254176139831543
0.022534847259521484
0.022649526596069336
0.02189493179321289
0.022067785263061523
0.020710229873657227
0.021863222122192383
0.022359132766723633
0.022390365600585938
0.021149158477783203
0.021116018295288086
0.021162748336791992
0.020850419998168945
0.02075338363647461
0.020786046981811523
0.02100658416748047
0.0216827392578125
0.020782470703125
0.020939111709594727
0.020992517471313477
0.020956039428710938
0.021034955978393555
0.02086162567138672
0.020768165588378906
0.020607471466064453
0.021242380142211914
0.02075791358947754
0.020748376846313477
0.020906686782836914
0.020717144012451172
0.020725727081298828
0.02071380615234375
0.02073359489440918
0.0206906795501709
0.021203994750976562
0.020956993103027344
0.022025108337402344
0.0209658145904541
0.020965099334716797
0.020910024642944336
0.02082061767578125
0.020708084106445312
0.02094888687133789
0.021507978439331055
0.0208742618560791
0.022041797637939453
0.02176070213317871
0.020962953567504883
0.020941972732543945
0.021583080291748047
0.022150516510009766
0.021891355514526367
0.021840572357177734
0.023686647415161133
0.020943641662597656
0.022144079208374023
0.023563861846923828
0.024092674255371094
0.023227214813232422
0.023606538772583008
0.023239850997924805
0.022609233856201172
0.022016286849975586
0.021473169326782227
0.020946741104125977
0.022508621215820312
0.022937536239624023
0.02100348472595215
0.020742416381835938
0.02160167694091797
0.02109503746032715
0.020747661590576172
0.020685672760009766
0.020762920379638672
0.020707130432128906
0.020842790603637695
0.020937681198120117
0.02093958854675293
0.020957469940185547
0.021346569061279297
0.021363496780395508
0.021006345748901367
0.020900487899780273
0.020833969116210938
0.020765304565429688
0.021310091018676758
0.02423834800720215
0.021991729736328125
0.022596359252929688
0.020655393600463867
0.0219728946685791
0.021485328674316406
0.022393465042114258
0.0223388671875
0.022568225860595703
0.02131366729736328
0.020733118057250977
0.02181386947631836
0.020993471145629883
0.0220029354095459
0.020987749099731445
0.02189803123474121
0.02065134048461914
0.021243572235107422
0.020756244659423828
0.020754098892211914
0.020812511444091797
0.020856857299804688
0.02121591567993164
0.020631074905395508
0.02059793472290039
0.020767688751220703
0.02131938934326172
0.020986557006835938
0.023259401321411133
0.021933794021606445
0.0231626033782959
0.022970914840698242
0.020734786987304688
0.021392107009887695
0.021926164627075195
0.02270650863647461
0.020700693130493164
0.022977352142333984
0.022950172424316406
0.020714998245239258
0.02178168296813965
0.02080821990966797
0.02065873146057129
0.02066493034362793
0.0213470458984375
0.02093982696533203
0.0208590030670166
0.020620346069335938
0.02060866355895996
0.02063274383544922
0.02062058448791504
0.020686864852905273
0.02072739601135254
0.021055936813354492
0.020859956741333008
0.02070164680480957
0.02061605453491211
0.020722150802612305
0.020714759826660156
0.020519018173217773
0.02062535285949707
0.020674467086791992
0.021016836166381836
0.020682096481323242
0.0206298828125
0.02067875862121582
0.021544456481933594
0.020653486251831055
0.020662307739257812
0.021845102310180664
0.02070140838623047
0.021116256713867188
0.020618200302124023
0.020709753036499023
0.02057051658630371
0.02071380615234375
0.020708322525024414
0.020781755447387695
0.02088618278503418
0.02167224884033203
0.021164417266845703
0.020642757415771484
0.020630359649658203
0.021843671798706055
0.02071666717529297
0.023192882537841797
0.02301955223083496
0.020674467086791992
0.02172994613647461
0.0230410099029541
0.025829792022705078
0.02239823341369629
0.0233914852142334
0.024326562881469727
0.02203226089477539
0.0227508544921875
0.022607088088989258
0.022559642791748047
0.02462148666381836
0.022364377975463867
0.02179884910583496
0.02197432518005371
0.020698070526123047
0.020677566528320312
0.02062201499938965
0.021586894989013672
0.020673513412475586
0.0212399959564209
0.02070784568786621
0.020680904388427734
0.020714521408081055
0.02057504653930664
0.020946502685546875
0.021055221557617188
0.02063775062561035
0.02060699462890625
0.021340608596801758
0.02079033851623535
0.02062392234802246
0.020653486251831055
0.020737648010253906
0.020943164825439453
0.02069377899169922
0.020568370819091797
0.020609140396118164
0.021106958389282227
0.02079176902770996
0.020809650421142578
0.020691633224487305
0.02093958854675293
0.02065134048461914
0.021941184997558594
0.020684003829956055
0.020681142807006836
0.021128177642822266
0.02080059051513672
0.020733356475830078
0.02083897590637207
0.020804405212402344
0.020798444747924805
0.020622968673706055
0.02073812484741211
0.02080368995666504
0.02140951156616211
0.020723342895507812
0.0206756591796875
0.02073192596435547
0.020698070526123047
0.0208895206451416
0.020534753799438477
0.020749807357788086
0.02399158477783203
0.0221707820892334
0.022927284240722656
0.022726058959960938
0.02165818214416504
0.020685672760009766
0.02168440818786621
0.02202129364013672
0.02063775062561035
0.023030757904052734
0.022104978561401367
0.02064824104309082
0.021914243698120117
0.02067089080810547
0.0206754207611084
0.020694494247436523
0.020533323287963867
0.02069377899169922
0.020682334899902344
0.021062612533569336
0.0206301212310791
0.020730257034301758
0.020667076110839844
0.020678281784057617
0.020662307739257812
0.020562410354614258
0.021303176879882812
0.020664215087890625
0.021942138671875
0.020587682723999023
0.02066826820373535
0.02062821388244629
0.02126026153564453
0.020899295806884766
0.02185797691345215
0.021769046783447266
0.021829843521118164
0.02487659454345703
0.022759437561035156
0.024615049362182617
0.021754026412963867
0.023208141326904297
0.02326488494873047
0.024493694305419922
0.02274036407470703
0.02313709259033203
0.021721839904785156
0.02280426025390625
0.020615339279174805
0.022470712661743164
0.020734786987304688
0.022788047790527344
0.02131485939025879
0.020656108856201172
0.02184271812438965
0.022746562957763672
0.02306652069091797
0.021279573440551758
0.02337932586669922
0.021724939346313477
0.025276899337768555
0.02476215362548828
0.024111509323120117
0.023966312408447266
0.022457599639892578
0.020751237869262695
0.02253103256225586
0.020687103271484375
0.02166914939880371
0.021360158920288086
0.023008346557617188
0.020740985870361328
0.02177596092224121
0.0214080810546875
0.02071690559387207
0.020629405975341797
0.020791292190551758
0.0207822322845459
0.020605802536010742
0.020676612854003906
0.020649433135986328
0.020726442337036133
0.021193742752075195
0.02079319953918457
0.02079319953918457
0.020742177963256836
0.02062511444091797
0.020745515823364258
0.0205841064453125
0.0206298828125
0.020704030990600586
0.021097660064697266
0.02081298828125
0.02070927619934082
0.02076864242553711
0.020786523818969727
0.020852327346801758
0.020758628845214844
0.020725727081298828
0.02091670036315918
0.021546125411987305
0.0206298828125
0.02206277847290039
0.020584583282470703
0.02081012725830078
0.02064037322998047
0.020658254623413086
0.02060985565185547
0.02058720588684082
0.021140098571777344
0.020982742309570312
0.020933151245117188
0.020874500274658203
0.020882606506347656
0.020751953125
0.02065443992614746
0.020778179168701172
0.02064347267150879
0.02129197120666504
0.020672321319580078
0.020668983459472656
0.02178788185119629
0.02306962013244629
0.021861553192138672
0.021770954132080078
0.02315545082092285
0.022256851196289062
0.021136045455932617
0.02340555191040039
0.020740032196044922
0.022413253784179688
0.022782087326049805
0.022108078002929688
0.0234527587890625
0.02254199981689453
0.020740985870361328
0.02284383773803711
0.020842313766479492
0.02066183090209961
0.020656347274780273
0.02069878578186035
0.021712303161621094
0.020635604858398438
0.020650625228881836
0.020662784576416016
0.021399259567260742
0.020832538604736328
0.02086615562438965
0.02092909812927246
0.02064228057861328
0.020749330520629883
0.02063298225402832
0.020772933959960938
0.020765304565429688
0.021134376525878906
0.02074289321899414
0.020604610443115234
0.0217592716217041
0.020572185516357422
0.020712852478027344
0.02066326141357422
0.020653486251831055
0.020701169967651367
0.021135568618774414
0.021790742874145508
0.020869731903076172
0.02066636085510254
0.020675182342529297
0.020702362060546875
0.02060246467590332
0.02068471908569336
0.021100521087646484
0.02120685577392578
0.020714998245239258
0.020702600479125977
0.02196335792541504
0.020748376846313477
0.02211165428161621
0.023239612579345703
0.020969152450561523
0.021457433700561523
0.02248835563659668
0.025260210037231445
0.023891210556030273
0.022882461547851562
0.02343130111694336
0.022086381912231445
0.022066116333007812
0.02066493034362793
0.022800922393798828
0.021172285079956055
0.02158808708190918
0.020813703536987305
0.021832942962646484
0.02181410789489746
0.0218963623046875
0.020647048950195312
0.02073216438293457
0.020856857299804688
0.021162033081054688
0.020900726318359375
0.020954132080078125
0.021036624908447266
0.02111506462097168
0.02073526382446289
0.020563364028930664
0.02067279815673828
0.02094435691833496
0.02156543731689453
0.021016359329223633
0.020870447158813477
0.020781993865966797
0.020711660385131836
0.0207366943359375
0.021205663681030273
0.020635604858398438
0.02063727378845215
0.02109670639038086
0.02069544792175293
0.02065753936767578
0.020634174346923828
0.0216827392578125
0.022140026092529297
0.021947622299194336
0.022933244705200195
0.021592140197753906
0.022328615188598633
0.021299362182617188
0.022081375122070312
0.02101731300354004
0.021886348724365234
0.02189350128173828
0.021918773651123047
0.020869731903076172
0.020682096481323242
0.022261381149291992
0.02176380157470703
0.020699501037597656
0.021649599075317383
0.020656108856201172
0.02059650421142578
0.020739316940307617
0.020652294158935547
0.02189350128173828
0.023154258728027344
0.02244257926940918
0.02073812484741211
0.02286529541015625
0.02070140838623047
0.0227658748626709
0.021106481552124023
0.021857023239135742
0.0207369327545166
0.022630929946899414
0.02069711685180664
0.020714521408081055
0.02072596549987793
0.020961284637451172
0.020964860916137695
0.021420001983642578
0.020653486251831055
0.02067279815673828
0.020631074905395508
0.02064657211303711
0.020719289779663086
0.020614147186279297
0.0206754207611084
0.020731449127197266
0.021135330200195312
0.020726442337036133
0.02069997787475586
0.02068471908569336
0.02088189125061035
0.020802974700927734
0.02063751220703125
0.02075362205505371
0.020625591278076172
0.0213010311126709
0.02100229263305664
0.020826339721679688
0.020943880081176758
0.020695209503173828
0.020877361297607422
0.020915746688842773
0.021962881088256836
0.020729780197143555
0.021193981170654297
0.020848989486694336
0.021673202514648438
0.02077507972717285
0.0216214656829834
0.020626068115234375
0.021804332733154297
0.02219533920288086
0.02173757553100586
0.02115607261657715
0.023366928100585938
0.02305769920349121
0.020630598068237305
0.02440643310546875
0.021689891815185547
0.022440195083618164
0.02405405044555664
0.023082256317138672
0.024513959884643555
0.022966384887695312
0.02187943458557129
0.021117687225341797
0.023118257522583008
0.02103710174560547
0.022420883178710938
0.020707130432128906
0.02192378044128418
0.021557092666625977
0.023122310638427734
0.022983551025390625
0.02167034149169922
0.022691726684570312
0.02182483673095703
0.020690202713012695
0.022159576416015625
0.020682573318481445
0.021152973175048828
0.020679950714111328
0.020647525787353516
0.02203536033630371
0.02071404457092285
0.020705461502075195
0.020614147186279297
0.02072429656982422
0.020681142807006836
0.02123403549194336
0.02068305015563965
0.02070474624633789
0.020679950714111328
0.020801067352294922
0.0207059383392334
0.02074742317199707
0.020845651626586914
0.020589590072631836
0.021193981170654297
0.020665407180786133
0.02066659927368164
0.020629167556762695
0.020701885223388672
0.021241188049316406
0.0206601619720459
0.020732641220092773
0.020590782165527344
0.021177291870117188
0.020685195922851562
0.0207216739654541
0.020665407180786133
0.0206911563873291
0.020701885223388672
0.02072596549987793
0.020645856857299805
0.02065873146057129
0.021076679229736328
0.02069401741027832
0.02064681053161621
0.02071380615234375
0.020696640014648438
0.02290630340576172
0.02071380615234375
0.02424168586730957
0.023545503616333008
0.0222628116607666
0.021091461181640625
0.021840810775756836
0.02187323570251465
0.020656585693359375
0.023156404495239258
0.021393775939941406
0.020633697509765625
0.021857261657714844
0.022344350814819336
0.02082681655883789
0.02077341079711914
0.020757436752319336
0.02081465721130371
0.0206906795501709
0.020702600479125977
0.021060705184936523
0.02062058448791504
0.02126002311706543
0.020709991455078125
0.020663022994995117
0.020779848098754883
0.02069544792175293
0.020659208297729492
0.02069830894470215
0.020647048950195312
0.020826339721679688
0.020967960357666016
0.020865201950073242
0.020709753036499023
0.020659208297729492
0.02118659019470215
0.021497249603271484
0.020994186401367188
0.020874977111816406
0.02225780487060547
0.021331310272216797
0.020750045776367188
0.02185511589050293
0.021455764770507812
0.022471904754638672
0.0220949649810791
0.02199530601501465
0.02055954933166504
0.02165985107421875
0.02243661880493164
0.022260189056396484
0.0219724178314209
0.023347139358520508
0.021373748779296875
0.020624637603759766
0.02260589599609375
0.023351669311523438
0.020908355712890625
0.023874521255493164
0.02387094497680664
0.022084951400756836
0.024036407470703125
0.02176499366760254
0.02378058433532715
0.0235135555267334
0.02184462547302246
0.020908355712890625
0.022829532623291016
0.020966291427612305
0.022393465042114258
0.020816802978515625
0.021914958953857422
0.020756244659423828
0.022005319595336914
0.022022485733032227
0.020668745040893555
0.021170616149902344
0.020715713500976562
0.02071547508239746
0.020730972290039062
0.020658254623413086
0.020685434341430664
0.02064800262451172
0.02113938331604004
0.02059340476989746
0.021149396896362305
0.020772218704223633
0.020641088485717773
0.020642995834350586
0.02072930335998535
0.02075672149658203
0.020637989044189453
0.020721912384033203
0.020747900009155273
0.021121501922607422
0.020676374435424805
0.020814180374145508
0.020678997039794922
0.020750045776367188
0.02087235450744629
0.02085399627685547
0.020938873291015625
0.020807266235351562
0.0211029052734375
0.02068781852722168
0.02215123176574707
0.020920991897583008
0.02072906494140625
0.02069401741027832
0.020725011825561523
0.020702600479125977
0.02080821990966797
0.021181344985961914
0.020696640014648438
0.020784378051757812
0.02079916000366211
0.02090597152709961
0.020875215530395508
0.020982027053833008
0.020718097686767578
0.02067279815673828
0.021249771118164062
0.021856307983398438
0.02175593376159668
0.022371530532836914
0.0232698917388916
0.022368431091308594
0.02195119857788086
0.020596027374267578
0.023119211196899414
0.021216154098510742
0.02292656898498535
0.020716428756713867
0.02164745330810547
0.020720481872558594
0.022579669952392578
0.022165536880493164
0.02067875862121582
0.02072286605834961
0.02135324478149414
0.022947072982788086
0.021790266036987305
0.023205995559692383
0.021883010864257812
0.02071356773376465
0.022689342498779297
0.020924806594848633
0.020901918411254883
0.02118659019470215
0.020882844924926758
0.021860361099243164
0.020683765411376953
0.021044015884399414
0.020952463150024414
0.02078080177307129
0.020663976669311523
0.020650863647460938
0.021302461624145508
0.0209963321685791
0.020809650421142578
0.02078700065612793
0.021007299423217773
0.02075982093811035
0.020831823348999023
0.020729780197143555
0.02085089683532715
0.021696805953979492
0.02193927764892578
0.021837234497070312
0.02100396156311035
0.021278858184814453
0.02070307731628418
0.021773576736450195
0.022037267684936523
0.02162933349609375
0.020703792572021484
0.021837711334228516
0.023054838180541992
0.02190542221069336
0.024106740951538086
0.021905183792114258
0.02408885955810547
0.022324562072753906
0.024259090423583984
0.023535490036010742
0.02291393280029297
0.023134708404541016
0.02198004722595215
0.020670413970947266
0.021551132202148438
0.021170854568481445
0.023314714431762695
0.020415306091308594
0.021900653839111328
0.020679235458374023
0.022169828414916992
0.020635604858398438
0.02213454246520996
0.02072429656982422
0.020642995834350586
0.02068924903869629
0.020669937133789062
0.02110743522644043
0.020816802978515625
0.020728588104248047
0.020781755447387695
0.020923376083374023
0.02069377899169922
0.02072000503540039
0.02067732810974121
0.020691633224487305
0.021304845809936523
0.020761966705322266
0.020778656005859375
0.020805835723876953
0.020984888076782227
0.02094292640686035
0.0210113525390625
0.020905256271362305
0.020861148834228516
0.021273374557495117
0.020697832107543945
0.02068161964416504
0.021388530731201172
0.0207827091217041
0.02066969871520996
0.020727872848510742
0.02068805694580078
0.021993160247802734
0.02213740348815918
0.020677804946899414
0.022562026977539062
0.024228572845458984
0.020676851272583008
0.020630836486816406
0.021548032760620117
0.02092599868774414
0.02152872085571289
0.022628068923950195
0.02165818214416504
0.02238011360168457
0.020922422409057617
0.020966529846191406
0.02169322967529297
0.02392268180847168
0.022016048431396484
0.02303791046142578
0.023601531982421875
0.022040128707885742
0.0208740234375
0.021716833114624023
0.02161121368408203
0.020534753799438477
0.021817684173583984
0.021826505661010742
0.02063155174255371
0.022287607192993164
0.020812034606933594
0.021367311477661133
0.02108001708984375
0.02082991600036621
0.020632505416870117
0.020695924758911133
0.020633220672607422
0.020728111267089844
0.021125078201293945
0.02086019515991211
0.020835399627685547
0.020956039428710938
0.020826101303100586
0.020707368850708008
0.02073216438293457
0.02068948745727539
0.020967960357666016
0.02149653434753418
0.020731687545776367
0.020580530166625977
0.02067732810974121
0.020641326904296875
0.020888328552246094
0.0212557315826416
0.02097773551940918
0.020866870880126953
0.02068495750427246
0.021068334579467773
0.0207517147064209
0.021802663803100586
0.020688772201538086
0.020656347274780273
0.02245616912841797
0.02095317840576172
0.02094864845275879
0.021776437759399414
0.020710468292236328
0.020649194717407227
0.021837949752807617
0.023475170135498047
0.020809173583984375
0.022289037704467773
0.02196812629699707
0.02417278289794922
0.02086043357849121
0.024466991424560547
0.023107051849365234
0.024190187454223633
0.023092031478881836
0.021481752395629883
0.021233320236206055
0.02198648452758789
0.021960735321044922
0.020757675170898438
0.02305150032043457
0.02196669578552246
0.020676374435424805
0.021994352340698242
0.020705699920654297
0.021178007125854492
0.021678924560546875
0.021615266799926758
0.02169060707092285
0.021228313446044922
0.020885467529296875
0.020844697952270508
0.022700071334838867
0.02069830894470215
0.0239107608795166
0.020741939544677734
0.021181344985961914
0.02074408531188965
0.02309417724609375
0.020705461502075195
0.020841121673583984
0.020802021026611328
0.02187371253967285
0.021173954010009766
0.020710229873657227
0.0207369327545166
0.02079939842224121
0.02077960968017578
0.020991802215576172
0.020958662033081055
0.020924091339111328
0.02099156379699707
0.0214693546295166
0.02080225944519043
0.020715713500976562
0.020732641220092773
0.02196788787841797
0.02068018913269043
0.020853757858276367
0.020688295364379883
0.02073812484741211
0.02130413055419922
0.020977497100830078
0.020978212356567383
0.02073955535888672
0.020757675170898438
0.0206453800201416
0.02068185806274414
0.020673513412475586
0.020702600479125977
0.021137237548828125
0.020789384841918945
0.022268056869506836
0.02156352996826172
0.022732973098754883
0.023363590240478516
0.020615339279174805
0.021293163299560547
0.020694732666015625
0.023358583450317383
0.02078557014465332
0.02322840690612793
0.022103071212768555
0.020784854888916016
0.021865129470825195
0.020932435989379883
0.0208742618560791
0.02221536636352539
0.021574974060058594
0.02099132537841797
0.020873308181762695
0.020670413970947266
0.020728349685668945
0.020700693130493164
0.020666837692260742
0.02071976661682129
0.020665884017944336
0.021113872528076172
0.02066969871520996
0.020715951919555664
0.020736217498779297
0.02071547508239746
0.020785808563232422
0.020773887634277344
0.021022558212280273
0.02059650421142578
0.02120828628540039
0.02078557014465332
0.020633220672607422
0.020670652389526367
0.020686626434326172
0.020664691925048828
0.020726680755615234
0.021335601806640625
0.020682096481323242
0.02172541618347168
0.02125692367553711
0.021593332290649414
0.020529747009277344
0.02156972885131836
0.021172761917114258
0.022011518478393555
0.023012638092041016
0.023032426834106445
0.02474832534790039
0.023465871810913086
0.024326324462890625
0.025525569915771484
0.022967100143432617
0.02404475212097168
0.025157451629638672
0.022017478942871094
0.02387714385986328
0.023806095123291016
0.024543046951293945
0.02440166473388672
0.02243971824645996
0.02084040641784668
0.02272343635559082
0.02192401885986328
0.020769119262695312
0.021811962127685547
0.02234935760498047
0.020953655242919922
0.021977901458740234
0.02065277099609375
0.02065300941467285
0.020668983459472656
0.022095203399658203
0.02064228057861328
0.020696163177490234
0.02117180824279785
0.020631790161132812
0.020723581314086914
0.020679712295532227
0.020680665969848633
0.02068948745727539
0.02067875862121582
0.02068328857421875
0.0206911563873291
0.021214008331298828
0.020660400390625
0.020708084106445312
0.020647048950195312
0.02065134048461914
0.02071833610534668
0.02069258689880371
0.020685434341430664
