0.04579019546508789
0.04753684997558594
0.0470888614654541
0.046886444091796875
0.046724796295166016
0.04633760452270508
0.04604673385620117
0.045479536056518555
0.0455021858215332
0.045113325119018555
0.045764923095703125
0.04547595977783203
0.04488039016723633
0.04467630386352539
0.04485893249511719
0.044671058654785156
0.0448305606842041
0.04474329948425293
0.04487490653991699
0.04731392860412598
0.04561328887939453
0.04613947868347168
0.04506731033325195
0.045233964920043945
0.0407257080078125
0.03577256202697754
0.03673291206359863
0.0368499755859375
0.042903900146484375
0.03935885429382324
0.03767204284667969
0.035625457763671875
0.03432774543762207
0.03491568565368652
0.0349574089050293
0.03493332862854004
0.03547096252441406
0.0361480712890625
0.03526639938354492
0.03384566307067871
0.033298492431640625
0.03416132926940918
0.03258872032165527
0.032532691955566406
0.03269314765930176
0.03268122673034668
0.034331560134887695
0.032587289810180664
0.035782814025878906
0.038069963455200195
0.03918170928955078
0.04143857955932617
0.03961610794067383
0.03844714164733887
0.03642439842224121
0.03774690628051758
0.03906750679016113
0.036869049072265625
0.04013824462890625
0.04084634780883789
0.036585330963134766
0.03545665740966797
0.03703618049621582
0.03663897514343262
0.03536796569824219
0.03524613380432129
0.035250186920166016
0.03561282157897949
0.035129547119140625
0.03528642654418945
0.035312652587890625
0.03548455238342285
0.03528428077697754
0.0354006290435791
0.0357973575592041
0.03533530235290527
0.035568952560424805
0.03545427322387695
0.035156965255737305
0.03520488739013672
0.03518986701965332
0.038262367248535156
0.0377354621887207
0.035186767578125
0.03503823280334473
0.035125732421875
0.035277366638183594
0.038639068603515625
0.03588414192199707
0.03773856163024902
0.03707289695739746
0.03627753257751465
0.0370328426361084
0.0375826358795166
0.03781533241271973
0.03681039810180664
0.04133796691894531
0.04014468193054199
0.038233041763305664
0.03968214988708496
0.03754925727844238
0.036905765533447266
0.03551054000854492
0.038373470306396484
0.03850555419921875
0.03954720497131348
0.038213491439819336
0.03529095649719238
0.0363774299621582
0.036168575286865234
0.03549671173095703
0.03542923927307129
0.03602886199951172
0.03553175926208496
0.035715579986572266
0.035288095474243164
0.035216569900512695
0.035253286361694336
0.0356752872467041
0.035816192626953125
0.03553605079650879
0.0355837345123291
0.03561091423034668
0.035463571548461914
0.035243988037109375
0.03529930114746094
0.03754305839538574
0.0373387336730957
0.03626894950866699
0.03596925735473633
0.035157203674316406
0.035454750061035156
0.03545260429382324
0.035300493240356445
0.0360865592956543
0.03548574447631836
0.03536057472229004
0.035207271575927734
0.03498959541320801
0.035352468490600586
0.03502774238586426
0.03524613380432129
0.0354924201965332
0.03518795967102051
0.03523969650268555
0.03509068489074707
0.03528714179992676
0.03593850135803223
0.03661370277404785
0.03656339645385742
0.03883719444274902
0.03637218475341797
0.03609752655029297
0.035805463790893555
0.04053688049316406
0.03722691535949707
0.036997318267822266
0.03988790512084961
0.04148459434509277
0.039113759994506836
0.03984785079956055
0.03535866737365723
0.03723859786987305
0.03582048416137695
0.03787064552307129
0.03986954689025879
0.03703641891479492
0.037109375
0.0354006290435791
0.036246538162231445
0.036331892013549805
0.03506207466125488
0.035521745681762695
0.0354466438293457
0.03510236740112305
0.0351254940032959
0.03511691093444824
0.03691983222961426
0.03649592399597168
0.03547835350036621
0.0353085994720459
0.03517413139343262
0.03516340255737305
0.035204410552978516
0.03512883186340332
0.03536081314086914
0.0353240966796875
0.035414934158325195
0.03699946403503418
0.03761482238769531
0.03528261184692383
0.03519105911254883
0.035178422927856445
0.03508138656616211
0.035338640213012695
0.0353543758392334
0.035119056701660156
0.03530597686767578
0.03525352478027344
0.035214900970458984
0.035048484802246094
0.03514504432678223
0.03560447692871094
0.035447120666503906
0.03532576560974121
0.034803152084350586
0.035335540771484375
0.03530406951904297
0.03513026237487793
0.03545975685119629
0.035336971282958984
0.03508782386779785
0.0352473258972168
0.035234928131103516
0.035483360290527344
0.03532075881958008
0.03644442558288574
0.035356998443603516
0.035378217697143555
0.03580355644226074
0.035297393798828125
0.035085201263427734
0.035202741622924805
0.035359859466552734
0.035312652587890625
0.03550910949707031
0.03522300720214844
0.03741288185119629
0.03870248794555664
0.03752923011779785
0.037003517150878906
0.03838634490966797
0.03653573989868164
0.037511587142944336
0.03825879096984863
0.03816819190979004
0.03893113136291504
0.04046344757080078
0.03722882270812988
0.03790688514709473
0.03378748893737793
0.03611183166503906
0.03728199005126953
0.03824019432067871
0.038510799407958984
0.03738665580749512
0.038910865783691406
0.03513789176940918
0.03713822364807129
0.036368608474731445
0.03501391410827637
0.03534245491027832
0.035254716873168945
0.0354154109954834
0.03498673439025879
0.03505730628967285
0.03515911102294922
0.03539443016052246
0.03527331352233887
0.03481459617614746
0.03490757942199707
0.035404205322265625
0.035427093505859375
0.03531670570373535
0.03527998924255371
0.03531908988952637
0.0354161262512207
0.035630226135253906
0.03915095329284668
0.03641223907470703
0.03563070297241211
0.035155534744262695
0.03549623489379883
0.035639286041259766
0.035379886627197266
0.035269975662231445
0.035658836364746094
0.03496432304382324
0.03568243980407715
0.0362086296081543
0.03537464141845703
0.035369873046875
0.035222768783569336
0.035069942474365234
0.035326480865478516
0.03515958786010742
0.035283803939819336
0.035628557205200195
0.0352168083190918
0.03508710861206055
0.03539395332336426
0.03533148765563965
0.0352935791015625
0.035186767578125
0.03547072410583496
0.03533768653869629
0.035239219665527344
0.03517603874206543
0.03510880470275879
0.03532123565673828
0.03524041175842285
0.03510427474975586
0.0352170467376709
0.03526639938354492
0.035653114318847656
0.03526425361633301
0.034929752349853516
0.035164594650268555
0.03512978553771973
0.03511977195739746
0.03511524200439453
0.03485751152038574
0.03547787666320801
0.03531956672668457
0.03522753715515137
0.03519868850708008
0.03528141975402832
0.03511929512023926
0.035413265228271484
0.03513789176940918
0.035578250885009766
0.03580045700073242
0.0353851318359375
0.03522205352783203
0.035073041915893555
0.03538870811462402
0.03503155708312988
0.03502631187438965
0.03556704521179199
0.03591465950012207
0.036414146423339844
0.0379641056060791
0.036409616470336914
0.03946208953857422
0.03626298904418945
0.03599143028259277
0.03545665740966797
0.03848147392272949
0.03993988037109375
0.036786794662475586
0.04031848907470703
0.04093337059020996
0.03958272933959961
0.03959465026855469
0.03513932228088379
0.036957502365112305
0.03638505935668945
0.037636518478393555
0.03822684288024902
0.03931379318237305
0.03692340850830078
0.03496217727661133
0.03609490394592285
0.03604006767272949
0.03502488136291504
0.03531169891357422
0.035271644592285156
0.03523063659667969
0.03528237342834473
0.03504133224487305
0.03507089614868164
0.03483772277832031
0.03521919250488281
0.03558015823364258
0.03499889373779297
0.03478884696960449
0.03511619567871094
0.03520369529724121
0.03525972366333008
0.035082101821899414
0.03517603874206543
0.03712725639343262
0.03671836853027344
0.03481698036193848
0.03527092933654785
0.03536820411682129
0.03499650955200195
0.03507876396179199
0.03483080863952637
0.03513836860656738
0.03564453125
0.03511452674865723
0.03551220893859863
0.03515028953552246
0.03530073165893555
0.03516745567321777
0.035179853439331055
0.035086870193481445
0.03493332862854004
0.03551149368286133
0.03505373001098633
0.03518414497375488
0.035247087478637695
0.03517460823059082
0.034986019134521484
0.03488922119140625
0.03517723083496094
0.035373687744140625
0.03507637977600098
0.03510117530822754
0.035204410552978516
0.035111427307128906
0.035186052322387695
0.0345151424407959
0.03499317169189453
0.03569459915161133
0.034913063049316406
0.035192012786865234
0.034813880920410156
0.03532004356384277
0.035120248794555664
0.03516650199890137
0.03524470329284668
0.03539395332336426
0.03565621376037598
0.03525996208190918
0.035054922103881836
0.035002946853637695
0.035224199295043945
0.03547811508178711
0.035469770431518555
0.03551530838012695
0.03551173210144043
0.03510236740112305
0.035243988037109375
0.03478646278381348
0.03522610664367676
0.035485267639160156
0.03511619567871094
0.035321712493896484
0.03546595573425293
0.03538680076599121
0.035428762435913086
0.035048723220825195
0.03522515296936035
0.03494691848754883
0.03533124923706055
0.03495073318481445
0.0359954833984375
0.03577446937561035
0.03513979911804199
0.03537344932556152
0.03524017333984375
0.03513383865356445
0.03506803512573242
0.03493094444274902
0.03567838668823242
0.037125587463378906
0.035169124603271484
0.03503680229187012
0.03515172004699707
0.03504133224487305
0.03499770164489746
0.03530383110046387
0.035033226013183594
0.035280704498291016
0.03539466857910156
0.034948110580444336
0.03512215614318848
0.0351409912109375
0.035125017166137695
0.03499579429626465
0.035016775131225586
0.0353093147277832
0.035758018493652344
0.0367429256439209
0.037372589111328125
0.0381779670715332
0.03679180145263672
0.036895036697387695
0.03660440444946289
0.03531074523925781
0.03807997703552246
0.03860664367675781
0.03977799415588379
0.04210543632507324
0.0387880802154541
0.03752732276916504
0.03661227226257324
0.03616619110107422
0.03701949119567871
0.03824043273925781
0.037817955017089844
0.039205074310302734
0.036678314208984375
0.0352635383605957
0.03729057312011719
0.035492897033691406
0.035105228424072266
0.035506486892700195
0.035356760025024414
0.03523421287536621
0.03507184982299805
0.03501105308532715
0.034969329833984375
0.03503704071044922
0.03619575500488281
0.035326242446899414
0.03531980514526367
0.03503823280334473
0.03496289253234863
0.03546309471130371
0.03498125076293945
0.03503990173339844
0.03540539741516113
0.03486442565917969
0.03806447982788086
0.03645467758178711
0.03532290458679199
0.03527975082397461
0.03522491455078125
0.035240888595581055
0.03490614891052246
0.03510737419128418
0.03502964973449707
0.035234928131103516
0.03524065017700195
0.0350494384765625
0.03510856628417969
0.03532743453979492
0.03523087501525879
0.03511810302734375
0.03491616249084473
0.035277605056762695
0.035486459732055664
0.03523683547973633
0.03534722328186035
0.03520488739013672
0.03510689735412598
0.03532814979553223
0.03485298156738281
0.0354466438293457
0.03593564033508301
0.03486442565917969
0.035111427307128906
0.03491544723510742
0.0354466438293457
0.03494715690612793
0.035108327865600586
0.03479743003845215
0.03502225875854492
0.035605430603027344
0.035137176513671875
0.03516125679016113
0.03521108627319336
0.0351259708404541
0.03552722930908203
0.03519749641418457
0.03516840934753418
0.03549623489379883
0.03521847724914551
0.03506827354431152
0.034940242767333984
0.035239219665527344
0.03511500358581543
0.035411834716796875
0.03515315055847168
0.03529787063598633
0.03560614585876465
0.03534865379333496
0.03537249565124512
0.0348355770111084
0.0348820686340332
0.03483891487121582
0.03490900993347168
0.03502178192138672
0.03501558303833008
0.03557634353637695
0.03525352478027344
0.03514289855957031
0.03494906425476074
0.0352778434753418
0.03514599800109863
0.03499102592468262
0.03520679473876953
0.03498578071594238
0.03552126884460449
0.03504180908203125
0.03531622886657715
0.03531765937805176
0.03503727912902832
0.03508329391479492
0.035047292709350586
0.0355989933013916
0.03512859344482422
0.035419464111328125
0.03508615493774414
0.03510427474975586
0.03526902198791504
0.03506731986999512
0.03522992134094238
0.03512740135192871
0.03539586067199707
0.03493642807006836
0.03546905517578125
0.0348515510559082
0.03681039810180664
0.035044193267822266
0.03504776954650879
0.035093069076538086
0.0353546142578125
0.035332441329956055
0.03520560264587402
0.03547811508178711
0.03482413291931152
0.03526639938354492
0.03524923324584961
0.035228729248046875
0.03526115417480469
0.03516888618469238
0.03527522087097168
0.03510570526123047
0.03590655326843262
0.03506779670715332
0.03514456748962402
0.035240888595581055
0.035085439682006836
0.035387277603149414
0.03518962860107422
0.03526020050048828
0.034868478775024414
0.03541851043701172
0.03548073768615723
0.03520846366882324
0.0355682373046875
0.03507590293884277
0.03519129753112793
0.03476309776306152
0.035314321517944336
0.03535914421081543
0.035468339920043945
0.03516817092895508
0.034980058670043945
0.03515887260437012
0.035340309143066406
0.03505706787109375
0.03532838821411133
0.03473305702209473
0.03540325164794922
0.035808563232421875
0.03537607192993164
0.03510117530822754
0.038274526596069336
0.03719520568847656
0.03633546829223633
0.03644609451293945
0.04000520706176758
0.03595781326293945
0.03877711296081543
0.040010690689086914
0.03682851791381836
0.03992509841918945
0.041512250900268555
0.03859877586364746
0.0402979850769043
0.034139156341552734
0.03663802146911621
0.03834414482116699
0.0377497673034668
0.03941178321838379
0.037841796875
0.03748297691345215
0.035135746002197266
0.03635406494140625
0.0363612174987793
0.03499770164489746
0.03528285026550293
0.03524613380432129
0.03493618965148926
0.0352778434753418
0.03511619567871094
0.034961700439453125
0.03495168685913086
0.03489375114440918
0.034986019134521484
0.03553342819213867
0.03506588935852051
0.03532671928405762
0.03513026237487793
0.03517627716064453
0.0351102352142334
0.0351865291595459
0.03529715538024902
0.03743791580200195
0.03623628616333008
0.03508138656616211
0.035216569900512695
0.03515362739562988
0.03511548042297363
0.03472566604614258
0.035279035568237305
0.034796953201293945
0.03479194641113281
0.03521394729614258
0.03538346290588379
0.035417795181274414
0.034983158111572266
0.03495168685913086
0.0351407527923584
0.035187482833862305
0.03507590293884277
0.03506183624267578
0.03522658348083496
0.035308122634887695
0.03510761260986328
0.03525900840759277
0.0362701416015625
0.03507685661315918
0.03510689735412598
0.03525114059448242
0.03536105155944824
0.03512406349182129
0.035320281982421875
0.035535335540771484
0.0352330207824707
0.035112857818603516
0.03516197204589844
0.03552722930908203
0.03515934944152832
0.03521871566772461
0.03594017028808594
0.035361528396606445
0.03510928153991699
0.0352785587310791
0.03530573844909668
0.035561561584472656
0.035485267639160156
0.034856557846069336
0.0350039005279541
0.03542900085449219
0.03509354591369629
0.03513646125793457
0.03503227233886719
0.0350492000579834
0.03513169288635254
0.03510332107543945
0.03524947166442871
0.03483724594116211
0.03570914268493652
0.035077810287475586
0.035273075103759766
0.03505373001098633
0.034954071044921875
0.03491663932800293
0.03511786460876465
0.03515267372131348
0.03552865982055664
0.03590035438537598
0.03531956672668457
0.03509092330932617
0.0350949764251709
0.03500485420227051
0.03495907783508301
0.0351567268371582
0.03484845161437988
0.03486990928649902
0.03545331954956055
0.03527641296386719
0.03533506393432617
0.035204172134399414
0.035421133041381836
0.0351719856262207
0.03515458106994629
0.03510642051696777
0.03504633903503418
0.03521895408630371
0.03540492057800293
0.03517866134643555
0.03540778160095215
0.03534054756164551
0.03516793251037598
0.03546857833862305
0.03510308265686035
0.03497457504272461
0.03551006317138672
0.03530144691467285
0.03537392616271973
0.0353245735168457
0.03474926948547363
0.035118818283081055
0.035037994384765625
0.03497767448425293
0.03485298156738281
0.03547191619873047
0.035272836685180664
0.03516817092895508
0.03504514694213867
0.035379648208618164
0.03510260581970215
0.03513216972351074
0.037183523178100586
0.0352177619934082
0.03564715385437012
0.03534579277038574
0.03512907028198242
0.03522157669067383
0.03522682189941406
0.03514432907104492
0.03504037857055664
0.03524470329284668
0.03504514694213867
0.03532266616821289
0.035306453704833984
0.03497767448425293
0.03527092933654785
0.03507375717163086
0.035675048828125
0.03491377830505371
0.0355830192565918
0.035155296325683594
0.03528285026550293
0.03533172607421875
0.03512763977050781
0.03522920608520508
0.034844160079956055
0.03513360023498535
0.035315752029418945
0.03557324409484863
0.03512287139892578
0.035230398178100586
0.03509807586669922
0.0353391170501709
0.035224199295043945
0.035243988037109375
0.03503704071044922
0.03509378433227539
0.03557300567626953
0.03532528877258301
0.035331010818481445
0.03528547286987305
0.03521990776062012
0.0350184440612793
0.03532147407531738
0.03537273406982422
0.03531956672668457
0.035607099533081055
0.03519487380981445
0.035305023193359375
0.035178184509277344
0.03494572639465332
0.03516578674316406
0.03512883186340332
0.0352482795715332
0.03517341613769531
0.03564286231994629
0.03538084030151367
0.03512096405029297
0.03520536422729492
0.03547787666320801
0.03500962257385254
0.03526473045349121
0.034946441650390625
0.035188913345336914
0.036383628845214844
0.03509807586669922
0.035218000411987305
0.03513169288635254
0.0351564884185791
0.03542208671569824
0.03496265411376953
0.03491377830505371
0.03535652160644531
0.035289764404296875
0.035379886627197266
0.035137176513671875
0.035341739654541016
0.03516793251037598
0.03539633750915527
0.03534960746765137
0.03511381149291992
0.0387113094329834
0.03787040710449219
0.03667616844177246
0.03642702102661133
0.038307905197143555
0.03621387481689453
0.03744912147521973
0.038329362869262695
0.0384061336517334
0.04047799110412598
0.04090380668640137
0.03901028633117676
0.03883552551269531
0.03592514991760254
0.03621935844421387
0.036306142807006836
0.03843235969543457
0.039642333984375
0.03782343864440918
0.03709149360656738
0.035301923751831055
0.03649282455444336
0.03589677810668945
0.03508782386779785
0.03534531593322754
0.03520822525024414
0.03515911102294922
0.035272836685180664
0.03561806678771973
0.03518486022949219
0.035246849060058594
0.035024166107177734
0.03508257865905762
0.03528022766113281
0.035036563873291016
0.03518414497375488
0.035074472427368164
0.0352783203125
0.03514504432678223
0.03518199920654297
0.0358731746673584
0.03746986389160156
0.03595280647277832
0.035141944885253906
0.03507399559020996
0.03518247604370117
0.035552978515625
0.03584480285644531
0.0353853702545166
0.035192012786865234
0.035036325454711914
0.03512406349182129
0.03519725799560547
0.035068511962890625
0.035036563873291016
0.0356903076171875
0.035306692123413086
0.03522634506225586
0.035096168518066406
0.03509664535522461
0.03514361381530762
0.03515911102294922
0.03498673439025879
0.03484940528869629
0.035363197326660156
0.03521394729614258
0.03500533103942871
0.03532862663269043
0.0352630615234375
0.03533053398132324
0.034906625747680664
0.03550887107849121
0.03513026237487793
0.0354914665222168
0.03504204750061035
0.035356760025024414
0.03528761863708496
0.0354771614074707
0.03507208824157715
0.03514289855957031
0.035366058349609375
0.03513073921203613
0.03536105155944824
0.03506207466125488
0.03520655632019043
0.035135507583618164
0.03505420684814453
0.03526663780212402
0.03506827354431152
0.03516054153442383
0.035201072692871094
0.03587937355041504
0.03509354591369629
0.03518271446228027
0.03489089012145996
0.035257577896118164
0.0348811149597168
0.03500223159790039
0.035276174545288086
0.03480362892150879
0.03560686111450195
0.03524351119995117
0.03491616249084473
0.03533434867858887
0.03517556190490723
0.03514528274536133
0.03668498992919922
0.035154104232788086
0.035292863845825195
0.035430192947387695
0.035400390625
0.035332679748535156
0.03516888618469238
0.03522992134094238
0.03531503677368164
0.035012245178222656
0.03482365608215332
0.035120248794555664
0.03534507751464844
0.03528118133544922
0.0350031852722168
0.035376787185668945
0.03502798080444336
0.03550863265991211
0.035187721252441406
0.034856557846069336
0.035080671310424805
0.0355222225189209
0.03556656837463379
0.03511619567871094
0.03545331954956055
0.03527998924255371
0.03497028350830078
0.03522515296936035
0.035407066345214844
0.0355076789855957
0.03559160232543945
0.034941911697387695
0.03513598442077637
0.035367727279663086
0.03537249565124512
0.035291433334350586
0.03527474403381348
0.03513336181640625
0.03495621681213379
0.03538060188293457
0.035253286361694336
0.035106658935546875
0.035192251205444336
0.03509330749511719
0.03500485420227051
0.035158634185791016
0.03512263298034668
0.03509640693664551
0.03537440299987793
0.03530097007751465
0.03505897521972656
0.03498029708862305
0.03485870361328125
0.035080909729003906
0.035180091857910156
0.03515911102294922
0.035166263580322266
0.03551459312438965
0.03525948524475098
0.035205841064453125
0.035222530364990234
0.03501725196838379
0.03517460823059082
0.03515148162841797
0.03490257263183594
0.03499245643615723
0.03723025321960449
0.03558349609375
0.03510403633117676
0.03524518013000488
0.0352170467376709
0.0351717472076416
0.03510308265686035
0.03506922721862793
0.035151004791259766
0.03576207160949707
0.03523993492126465
0.035158395767211914
0.03533434867858887
0.03525495529174805
0.03525733947753906
0.03541874885559082
0.03516960144042969
0.035157203674316406
0.03561258316040039
0.03527688980102539
0.03513979911804199
0.03507351875305176
0.0350041389465332
0.03511404991149902
0.03488945960998535
0.03492569923400879
0.03536725044250488
0.036016225814819336
0.035505056381225586
0.03531646728515625
0.03506731986999512
0.03500866889953613
0.03502941131591797
0.03525853157043457
0.035079002380371094
0.03525543212890625
0.035697221755981445
0.034948110580444336
0.03492140769958496
0.035056352615356445
0.03517556190490723
0.03497457504272461
0.0349888801574707
0.035076141357421875
0.03510332107543945
0.03559303283691406
0.0352327823638916
0.03516793251037598
0.03512454032897949
0.03499555587768555
0.035271406173706055
0.03514409065246582
0.03527975082397461
0.035154104232788086
0.03556394577026367
0.035192251205444336
0.03516340255737305
0.03523969650268555
0.03505587577819824
0.03515434265136719
0.03489112854003906
0.03499317169189453
0.0351712703704834
0.035459280014038086
0.03502917289733887
0.03528642654418945
0.03523397445678711
0.03516983985900879
0.03531336784362793
0.035146474838256836
0.03496432304382324
0.035192012786865234
0.0354921817779541
0.035146236419677734
0.03505420684814453
0.03509259223937988
0.03499770164489746
0.03528738021850586
0.0351567268371582
0.034947872161865234
0.035143375396728516
0.0356442928314209
0.03510022163391113
0.03504347801208496
0.0352022647857666
0.035056114196777344
0.0351719856262207
0.03526425361633301
0.03492593765258789
0.035109758377075195
0.03549551963806152
0.0350031852722168
0.0352630615234375
0.03542017936706543
0.034932613372802734
0.03536653518676758
0.03537702560424805
0.035138845443725586
0.03523445129394531
0.03524136543273926
0.035112619400024414
0.03509187698364258
0.03548002243041992
0.03499865531921387
0.03496193885803223
0.035102128982543945
0.03532266616821289
0.03519010543823242
0.03564572334289551
0.03535890579223633
0.034914255142211914
0.03522992134094238
0.03524184226989746
0.03523445129394531
0.03517603874206543
0.0350651741027832
0.03541135787963867
0.03565239906311035
0.03525543212890625
0.03522300720214844
0.03538084030151367
0.03519582748413086
0.03513646125793457
0.03543543815612793
0.0352323055267334
0.03547811508178711
0.03561592102050781
0.03675484657287598
0.03753542900085449
0.03908896446228027
0.03699517250061035
0.03759908676147461
0.03785967826843262
0.03624439239501953
0.038053274154663086
0.040219783782958984
0.039641380310058594
0.041110992431640625
0.04089021682739258
0.0389714241027832
0.038973331451416016
0.035696983337402344
0.03744339942932129
0.0367124080657959
0.03702282905578613
0.04048585891723633
0.0379786491394043
0.036248207092285156
0.0361018180847168
0.03598332405090332
0.0351872444152832
0.03508472442626953
0.0351099967956543
0.03553295135498047
0.0352630615234375
0.034876346588134766
0.035295963287353516
0.03522634506225586
0.035147666931152344
0.03537440299987793
0.03511786460876465
0.03527474403381348
0.03588128089904785
0.03507828712463379
0.03573274612426758
0.035117387771606445
0.03512072563171387
0.03526782989501953
0.04006147384643555
0.03505587577819824
0.03526020050048828
0.03506731986999512
0.03538322448730469
0.03525853157043457
0.03528118133544922
0.03502225875854492
0.03501105308532715
0.035620689392089844
0.03533148765563965
0.03524017333984375
0.035212039947509766
0.03519845008850098
0.0351715087890625
0.034993648529052734
0.03527688980102539
0.0352783203125
0.035503387451171875
0.03507089614868164
0.0352632999420166
0.03514385223388672
0.03532862663269043
0.03504228591918945
0.03518271446228027
0.03516650199890137
0.03503274917602539
0.03563809394836426
0.03515338897705078
0.035120487213134766
0.03487563133239746
0.035260677337646484
0.03523588180541992
0.03520345687866211
0.03525733947753906
0.035002946853637695
0.03543448448181152
0.035077571868896484
0.035050153732299805
0.03505873680114746
0.03500080108642578
0.03499555587768555
0.0350489616394043
0.035176753997802734
0.035204172134399414
0.03557944297790527
0.03532004356384277
0.03523087501525879
0.03512692451477051
0.035079240798950195
0.035349369049072266
0.03538084030151367
0.03527665138244629
0.03529977798461914
0.03583669662475586
0.03498220443725586
0.03519129753112793
0.0351715087890625
0.035498857498168945
0.03523516654968262
0.0355072021484375
0.035202741622924805
0.03535652160644531
0.0357813835144043
0.035579681396484375
0.035337209701538086
0.03549027442932129
0.0355072021484375
0.0353245735168457
0.0354313850402832
0.03522610664367676
0.035627126693725586
0.03607916831970215
0.03549599647521973
0.035874366760253906
0.035310983657836914
0.03522372245788574
0.03515982627868652
0.03515887260437012
0.03517270088195801
0.03509020805358887
0.035440683364868164
0.03530001640319824
0.035394906997680664
0.03495931625366211
0.03499937057495117
0.03520846366882324
0.03531622886657715
0.03505897521972656
0.03521561622619629
0.03544807434082031
0.03515481948852539
0.03538680076599121
0.0351407527923584
0.03511404991149902
0.03511452674865723
0.035404205322265625
0.03524518013000488
0.03516697883605957
0.03559064865112305
0.035119056701660156
0.0350186824798584
0.03521013259887695
0.03521013259887695
0.03536558151245117
0.035163164138793945
0.03513813018798828
0.03524374961853027
0.03557586669921875
0.035141706466674805
0.03541278839111328
0.03510117530822754
0.03508472442626953
0.035176753997802734
0.035086870193481445
0.035186767578125
0.03526711463928223
0.03588604927062988
0.035337209701538086
0.03552055358886719
0.035344839096069336
0.03525352478027344
0.03528141975402832
0.03516983985900879
0.03537631034851074
0.03518319129943848
0.035414695739746094
0.03532290458679199
0.035208940505981445
0.03525042533874512
0.03549385070800781
0.03527021408081055
0.035208702087402344
0.03526592254638672
0.035329341888427734
0.0355224609375
0.03532981872558594
0.035399675369262695
0.03531074523925781
0.03505754470825195
0.03536224365234375
0.03486323356628418
0.0351099967956543
0.035247087478637695
0.035358428955078125
0.03516840934753418
0.03541994094848633
0.03538322448730469
0.034948110580444336
0.03521609306335449
0.03516197204589844
0.03494524955749512
0.03506159782409668
0.035655975341796875
0.03519463539123535
0.03509259223937988
0.03530693054199219
0.03511238098144531
0.03597688674926758
0.03511357307434082
0.0349879264831543
0.03539252281188965
0.03558659553527832
0.0353240966796875
0.03514289855957031
0.035190582275390625
0.03524017333984375
0.035308837890625
0.03528094291687012
0.035080671310424805
0.03525495529174805
0.03558707237243652
0.03532814979553223
0.03551220893859863
0.035300493240356445
0.03536820411682129
0.03547406196594238
0.03551506996154785
0.03540182113647461
0.035482168197631836
0.035874128341674805
0.03521084785461426
0.03530287742614746
0.03557276725769043
0.03521299362182617
0.035360097885131836
0.03509092330932617
0.03497624397277832
0.035253047943115234
0.035680532455444336
0.03527259826660156
0.035490989685058594
0.03545975685119629
0.03507089614868164
0.03532052040100098
0.035419464111328125
0.0351414680480957
0.03522539138793945
0.03531908988952637
0.03558039665222168
0.03504467010498047
0.03518080711364746
0.03540325164794922
0.03541159629821777
0.035146236419677734
0.0352635383605957
0.03511810302734375
0.03550982475280762
0.03538179397583008
0.03525876998901367
0.035369873046875
0.03521919250488281
0.03546261787414551
0.03507804870605469
0.03558087348937988
0.03527569770812988
0.035489797592163086
0.03517556190490723
0.035292863845825195
0.035022735595703125
0.03544974327087402
0.03517270088195801
0.03498220443725586
0.03524899482727051
0.03510236740112305
0.03547310829162598
0.035101890563964844
0.0353391170501709
0.03498554229736328
0.03506970405578613
0.035341739654541016
0.03529024124145508
0.03560066223144531
0.03491711616516113
0.035353660583496094
0.034633636474609375
0.035317182540893555
0.035253286361694336
0.035302162170410156
0.0350644588470459
0.035077810287475586
0.03523516654968262
0.03527951240539551
0.035803794860839844
0.0353243350982666
0.03521895408630371
0.0352780818939209
0.03534340858459473
0.03549385070800781
0.03533482551574707
0.03537869453430176
0.035161733627319336
0.035730600357055664
0.03537321090698242
0.03504824638366699
0.035265207290649414
0.03534054756164551
0.03536534309387207
0.0349881649017334
0.035099029541015625
0.03504037857055664
0.035454750061035156
0.03531956672668457
0.035068511962890625
0.03520631790161133
0.035119056701660156
0.035535335540771484
0.034993886947631836
0.035163164138793945
0.035082101821899414
0.035593509674072266
0.035286664962768555
0.0351252555847168
0.03515625
0.0350954532623291
0.0349431037902832
0.0351099967956543
0.03499603271484375
0.0349583625793457
0.03552746772766113
0.035085439682006836
0.03533792495727539
0.03523826599121094
0.034917354583740234
0.03492140769958496
0.03497195243835449
0.03520965576171875
0.03529620170593262
0.0359344482421875
0.03515458106994629
0.03534078598022461
0.03537702560424805
0.035512447357177734
0.035099029541015625
0.03545236587524414
0.0352787971496582
0.03530120849609375
0.03568458557128906
0.035318851470947266
0.035448551177978516
0.03507065773010254
0.03502702713012695
0.03485107421875
0.03501701354980469
0.03524470329284668
0.03528928756713867
0.03542923927307129
0.03525352478027344
0.0349581241607666
0.03531932830810547
0.03510332107543945
0.03528475761413574
0.03542280197143555
0.03528785705566406
0.035317182540893555
0.03549790382385254
0.03527069091796875
0.035245656967163086
0.0352330207824707
0.03511786460876465
0.03543210029602051
0.035193443298339844
0.03518223762512207
0.035291194915771484
0.035211801528930664
0.03510904312133789
0.03527951240539551
0.03511691093444824
0.03532290458679199
0.03522515296936035
0.03494906425476074
0.035184383392333984
0.034961700439453125
0.03574204444885254
0.03512978553771973
0.035002708435058594
0.03520321846008301
0.0352020263671875
0.03534054756164551
0.03499102592468262
0.03548312187194824
0.03498053550720215
0.035750627517700195
0.035111188888549805
0.03514575958251953
0.0362699031829834
0.03730416297912598
0.037342071533203125
0.03831624984741211
0.03662228584289551
0.03783822059631348
0.03661298751831055
0.03926396369934082
0.037911176681518555
0.03894209861755371
0.0395817756652832
0.04329037666320801
0.040830373764038086
0.03797316551208496
0.0349581241607666
0.038768768310546875
0.0382845401763916
0.036417484283447266
0.03853917121887207
0.03912758827209473
0.0369417667388916
0.035070180892944336
0.03601479530334473
0.03633570671081543
0.035549163818359375
0.03513360023498535
0.03555488586425781
0.035259246826171875
0.03533530235290527
0.03515768051147461
0.03506588935852051
0.035361289978027344
0.03507661819458008
0.03565359115600586
0.0354924201965332
0.03502058982849121
0.034796714782714844
0.0352940559387207
0.035195112228393555
0.03523993492126465
0.035031795501708984
0.038941383361816406
0.03758692741394043
0.03509187698364258
0.03517484664916992
0.035173654556274414
0.03525876998901367
0.034998178482055664
0.03529500961303711
0.0353550910949707
0.035387277603149414
0.036195993423461914
0.0353240966796875
0.03517317771911621
0.0350797176361084
0.035234689712524414
0.0353245735168457
0.03512310981750488
0.03533482551574707
0.03542518615722656
0.035438
0.035109758377075195
0.03528118133544922
0.035263776779174805
0.03541088104248047
0.035135507583618164
0.035368919372558594
0.03504490852355957
0.03572344779968262
0.03487396240234375
0.03517746925354004
0.036478519439697266
0.03527474403381348
0.03524971008300781
0.03560233116149902
0.035135507583618164
0.03538823127746582
0.035585880279541016
0.035019636154174805
0.03536534309387207
0.03545260429382324
0.035398006439208984
0.035375118255615234
0.03540372848510742
0.03526496887207031
0.0353083610534668
0.035573720932006836
0.03531670570373535
0.03507423400878906
0.03514456748962402
0.035147666931152344
0.035103797912597656
0.035160064697265625
0.0353085994720459
0.03507661819458008
0.035452842712402344
0.035126447677612305
0.03515505790710449
0.03530430793762207
0.035080909729003906
0.03509950637817383
0.03515052795410156
0.03516077995300293
0.03513455390930176
0.035543203353881836
0.0352635383605957
0.03508448600769043
0.035085439682006836
0.035344600677490234
0.03511667251586914
0.035108327865600586
0.035034894943237305
0.03532862663269043
0.03556990623474121
0.03533935546875
0.0354619026184082
0.03497433662414551
0.03519940376281738
0.03512978553771973
0.03528642654418945
0.03512239456176758
0.03515744209289551
0.03566122055053711
0.03533363342285156
0.03504586219787598
0.035294294357299805
0.03549933433532715
0.03500771522521973
0.03510618209838867
0.03494620323181152
0.035193681716918945
0.035648345947265625
0.03516745567321777
0.035246849060058594
0.03523516654968262
0.03535342216491699
0.034993886947631836
0.03544783592224121
0.03524446487426758
0.0350344181060791
0.0354766845703125
0.034941911697387695
0.035391807556152344
0.03515291213989258
0.03542041778564453
0.03547358512878418
0.03522491455078125
0.03537774085998535
0.03509950637817383
0.035559654235839844
0.03538870811462402
0.035138607025146484
0.03526806831359863
0.03503894805908203
0.03537249565124512
0.03506636619567871
0.03516435623168945
0.0354459285736084
0.03597450256347656
0.035378456115722656
0.03527092933654785
0.035358428955078125
0.03528928756713867
0.03504633903503418
0.03493785858154297
0.03538632392883301
0.03521132469177246
0.035468101501464844
0.035201311111450195
0.0352020263671875
0.03529477119445801
0.035300493240356445
0.03534221649169922
0.03521156311035156
0.035425424575805664
0.03507208824157715
0.03564167022705078
0.035317182540893555
0.035188913345336914
0.035201311111450195
0.035051584243774414
0.035388946533203125
0.03530597686767578
0.03496074676513672
0.035401105880737305
0.03526592254638672
0.03524184226989746
0.03530097007751465
0.03531193733215332
0.03529548645019531
0.035356760025024414
0.035190582275390625
0.035276174545288086
0.0354466438293457
0.03546476364135742
0.0351407527923584
0.03518414497375488
0.0353398323059082
0.03526473045349121
0.03525853157043457
0.03522682189941406
0.03510761260986328
0.035112619400024414
0.035529375076293945
0.035444021224975586
0.03557586669921875
0.03536820411682129
0.035566091537475586
0.035402536392211914
0.03542518615722656
0.03524637222290039
0.035117149353027344
0.03541827201843262
0.03518247604370117
0.03530001640319824
0.03546881675720215
0.03524041175842285
0.03532552719116211
0.03508615493774414
0.03504443168640137
0.035474300384521484
0.03569674491882324
0.03553438186645508
0.035369873046875
0.03504037857055664
0.03546762466430664
0.0352327823638916
0.03498077392578125
0.03513050079345703
0.035386085510253906
0.035722970962524414
0.03638100624084473
0.03526425361633301
0.03533434867858887
0.03527402877807617
0.03500533103942871
0.03526186943054199
0.035070180892944336
0.03524136543273926
0.03554582595825195
0.03701972961425781
0.03522682189941406
0.03528308868408203
0.03522896766662598
0.03533673286437988
0.03550148010253906
0.0354304313659668
0.035366058349609375
0.03607654571533203
0.0353548526763916
0.03543448448181152
0.03530168533325195
0.035393714904785156
0.03531479835510254
0.03518271446228027
0.03533506393432617
0.03522348403930664
0.035668373107910156
0.03513979911804199
0.03516125679016113
0.035162925720214844
0.03523135185241699
0.03537273406982422
0.03534412384033203
0.03515815734863281
0.03554797172546387
0.03595280647277832
0.035607337951660156
0.035143375396728516
0.03511333465576172
0.03534555435180664
0.03527641296386719
0.035420894622802734
0.03539013862609863
0.03522467613220215
0.03557419776916504
0.035143375396728516
0.035135507583618164
0.035054683685302734
0.03528904914855957
0.03512120246887207
0.03533625602722168
0.03528022766113281
0.03529095649719238
0.035355567932128906
0.0353851318359375
0.03519606590270996
0.03519272804260254
0.03527998924255371
0.03526902198791504
0.035251617431640625
0.03528189659118652
0.03597426414489746
0.03546881675720215
0.03520321846008301
0.035208702087402344
0.03524160385131836
0.035156965255737305
0.03526139259338379
0.035233497619628906
0.03531813621520996
0.035285234451293945
0.03594064712524414
0.0355374813079834
0.035631418228149414
0.035143375396728516
0.035416603088378906
0.0351262092590332
0.03520679473876953
0.03546595573425293
0.03523874282836914
0.03557634353637695
0.03532218933105469
0.035260915756225586
0.03507375717163086
0.03530073165893555
0.035418033599853516
0.0350193977355957
0.035518646240234375
0.03517770767211914
0.035596609115600586
0.03519892692565918
0.03526759147644043
0.035182952880859375
0.03514814376831055
0.0350801944732666
0.03493857383728027
0.035433053970336914
0.03494596481323242
0.03567767143249512
0.03505659103393555
0.035317182540893555
0.03513216972351074
0.035175323486328125
0.03514838218688965
0.0354461669921875
0.035043954849243164
0.03516387939453125
0.03567099571228027
0.03507399559020996
0.03518509864807129
0.03529715538024902
0.03537893295288086
0.03511381149291992
0.03528618812561035
0.0352017879486084
0.03528714179992676
0.035704851150512695
0.03518509864807129
0.0353245735168457
0.03508424758911133
0.035021066665649414
0.03525662422180176
0.0352475643157959
0.03537130355834961
0.035221099853515625
0.03550004959106445
0.035192251205444336
0.03521370887756348
0.0352327823638916
0.03494143486022949
0.03529763221740723
0.03521561622619629
0.034922122955322266
0.0352475643157959
0.03572797775268555
0.0348048210144043
0.0351870059967041
0.0353851318359375
0.03510880470275879
0.0352625846862793
0.03511977195739746
0.035019636154174805
0.03543257713317871
0.035854339599609375
0.035208940505981445
0.03524589538574219
0.03530120849609375
0.0353546142578125
0.035067081451416016
0.03516054153442383
0.035170555114746094
0.03533458709716797
0.03566741943359375
0.03531980514526367
0.03519320487976074
0.035254478454589844
0.03516578674316406
0.035425424575805664
0.034889936447143555
0.03516721725463867
0.03506064414978027
0.03574085235595703
0.03539729118347168
0.03514695167541504
0.035135507583618164
0.03517341613769531
0.03531789779663086
0.035562753677368164
0.0354006290435791
0.03523731231689453
0.03562164306640625
0.03516721725463867
0.03549790382385254
0.035585880279541016
0.03530311584472656
0.03534960746765137
0.035157203674316406
0.03512287139892578
0.03531217575073242
0.03551316261291504
0.03526806831359863
0.035184383392333984
0.03541231155395508
0.035239219665527344
0.035253047943115234
0.03530144691467285
0.03508567810058594
0.035299062728881836
0.03572392463684082
0.035239458084106445
0.03547477722167969
0.03527355194091797
0.03534340858459473
0.03521132469177246
0.03538656234741211
0.03528571128845215
0.03527116775512695
0.03562164306640625
0.03532600402832031
0.035117387771606445
0.035158395767211914
0.03536272048950195
0.035195112228393555
0.03523874282836914
0.03528594970703125
0.03525567054748535
0.03560614585876465
0.03530287742614746
0.0354921817779541
0.035196781158447266
0.03529953956604004
0.035396575927734375
0.035315513610839844
0.03559708595275879
0.03531479835510254
0.03583860397338867
0.03551125526428223
0.035382986068725586
0.03521156311035156
0.03540921211242676
0.03523087501525879
0.03505849838256836
0.035196542739868164
0.03522968292236328
0.03570294380187988
0.0352025032043457
0.035344839096069336
0.03530073165893555
0.03524947166442871
0.03543853759765625
0.035712480545043945
0.03509330749511719
0.03538084030151367
0.035239219665527344
0.03534364700317383
0.03506755828857422
0.035303592681884766
0.035776615142822266
0.034967899322509766
0.03521847724914551
0.03525805473327637
0.03531455993652344
0.03544425964355469
0.03510022163391113
0.03533577919006348
0.035364627838134766
0.03631186485290527
0.0353703498840332
0.0353238582611084
0.03523683547973633
0.035254478454589844
0.035282135009765625
0.03533768653869629
0.035141706466674805
0.03534245491027832
0.035449981689453125
0.03517341613769531
0.03539562225341797
0.03533935546875
0.03538918495178223
0.035149335861206055
0.035349130630493164
0.03546953201293945
0.03539586067199707
0.035742759704589844
0.03535151481628418
0.03518962860107422
0.03514409065246582
0.035314321517944336
0.03652191162109375
0.03738737106323242
0.037311553955078125
0.038675546646118164
0.03691506385803223
0.037839412689208984
0.036141395568847656
0.03716135025024414
0.03985452651977539
0.03695344924926758
0.03979206085205078
0.043425798416137695
0.03871464729309082
0.03957509994506836
0.03529000282287598
0.03800821304321289
0.03722095489501953
0.03662300109863281
0.03936958312988281
0.03956198692321777
0.03711366653442383
0.036496877670288086
0.03634452819824219
0.0357823371887207
0.0354609489440918
0.03531980514526367
0.035588741302490234
0.03530693054199219
0.035284996032714844
0.03540539741516113
0.035269975662231445
0.035811424255371094
0.03529524803161621
0.03530168533325195
0.03533220291137695
0.03564643859863281
0.03564810752868652
0.03525996208190918
0.035301923751831055
0.03542613983154297
0.035517215728759766
0.03795313835144043
0.03683304786682129
0.035173654556274414
0.0352635383605957
0.03531479835510254
0.0351254940032959
0.03551363945007324
0.03527426719665527
0.035732269287109375
0.03521251678466797
0.03515219688415527
0.0350337028503418
0.03510761260986328
0.03540945053100586
0.03516340255737305
0.0352025032043457
0.03530716896057129
0.03540468215942383
0.035025835037231445
0.0354161262512207
0.035346269607543945
0.035193681716918945
0.03522777557373047
0.03516507148742676
0.03551745414733887
0.03519153594970703
0.0355532169342041
0.036197662353515625
0.03512692451477051
0.03527498245239258
0.035512447357177734
0.03519845008850098
0.035565853118896484
0.03546857833862305
0.03525686264038086
0.035585641860961914
0.03531670570373535
0.03543972969055176
0.03526043891906738
0.03537631034851074
0.035356760025024414
0.0351557731628418
0.035457611083984375
0.03569936752319336
0.0361173152923584
0.03519153594970703
0.03531050682067871
0.035225868225097656
0.03523421287536621
0.03530001640319824
0.03508806228637695
0.0353851318359375
0.03537392616271973
0.03575897216796875
0.03517889976501465
0.03550243377685547
0.035317182540893555
0.035283565521240234
0.03535032272338867
0.03543972969055176
0.035096168518066406
0.03552818298339844
0.03562426567077637
0.03535747528076172
0.03546452522277832
0.03557181358337402
0.03533601760864258
0.03520941734313965
0.03523540496826172
0.03509211540222168
0.03533124923706055
0.035492658615112305
0.03539299964904785
0.03535628318786621
0.03534197807312012
0.03550124168395996
0.035423994064331055
0.03539848327636719
0.035581111907958984
0.03555750846862793
0.03588557243347168
0.035317182540893555
0.03525090217590332
0.03520464897155762
0.03517651557922363
0.03526568412780762
0.03530406951904297
0.03510785102844238
0.035376548767089844
0.03586745262145996
0.03538775444030762
0.03505659103393555
0.03512144088745117
0.035634756088256836
0.03521990776062012
0.03533458709716797
0.03521156311035156
0.035242557525634766
0.03577446937561035
0.034912824630737305
0.03535652160644531
0.035436391830444336
0.03549647331237793
0.035430908203125
0.03537487983703613
0.03515934944152832
0.03542208671569824
0.035544395446777344
0.035379886627197266
0.03557419776916504
0.03535151481628418
0.03545022010803223
0.0353856086730957
0.03544116020202637
0.03543210029602051
0.035535573959350586
0.0355982780456543
0.03545641899108887
0.035141706466674805
0.03513956069946289
0.035236358642578125
0.0352783203125
0.035216331481933594
0.03513693809509277
0.03513979911804199
0.03547024726867676
0.0349726676940918
0.03516745567321777
0.03540611267089844
0.03549551963806152
0.035239458084106445
0.0351409912109375
0.03538250923156738
0.035384178161621094
0.03569436073303223
0.03543901443481445
0.03531932830810547
0.03535294532775879
0.035401105880737305
0.035474300384521484
0.03544044494628906
0.03542184829711914
0.03572535514831543
0.035746097564697266
0.03522348403930664
0.03535890579223633
0.03642129898071289
0.03547239303588867
0.0354154109954834
0.03526926040649414
0.03545641899108887
0.03540825843811035
0.03610587120056152
0.03527355194091797
0.035288333892822266
0.03530740737915039
0.03554487228393555
0.0352327823638916
0.035381317138671875
0.03531646728515625
0.0353546142578125
0.03592944145202637
0.03519797325134277
0.035170793533325195
0.035624027252197266
0.03540301322937012
0.0353701114654541
0.03522968292236328
0.03511524200439453
0.035245418548583984
0.035608530044555664
0.035318851470947266
0.03525042533874512
0.03535103797912598
0.03534889221191406
0.035509586334228516
0.035439491271972656
0.03552985191345215
0.03561806678771973
0.03566861152648926
0.03543829917907715
0.03522658348083496
0.03523516654968262
0.03542780876159668
0.03540682792663574
0.035442352294921875
0.03527951240539551
0.03529024124145508
0.035773515701293945
0.035264015197753906
0.03547024726867676
0.03558778762817383
0.03522133827209473
0.03556632995605469
0.03529500961303711
0.03541684150695801
0.03537440299987793
0.03569221496582031
0.03528881072998047
0.03545427322387695
0.035190582275390625
0.03521895408630371
0.03518533706665039
0.035308837890625
0.0353238582611084
0.03529095649719238
0.03589510917663574
0.03522539138793945
0.03517031669616699
0.035127878189086914
0.03519701957702637
0.035219430923461914
0.03522896766662598
0.035349369049072266
0.03550601005554199
0.03575253486633301
0.03533625602722168
0.03536581993103027
0.035396575927734375
0.035468339920043945
0.03529548645019531
0.0353083610534668
0.035105228424072266
0.03513026237487793
0.03586411476135254
0.03532671928405762
0.035344839096069336
0.03545570373535156
0.035104990005493164
0.03535342216491699
0.035596370697021484
0.03555107116699219
0.03527021408081055
0.03558230400085449
0.03527569770812988
0.03543829917907715
0.03523445129394531
0.03550910949707031
0.03530001640319824
0.03533363342285156
0.03550243377685547
0.03533625602722168
0.0354764461517334
0.03556537628173828
0.035329341888427734
0.03543543815612793
0.03537106513977051
0.03540349006652832
0.03539299964904785
0.03522062301635742
0.036545753479003906
0.03575944900512695
0.03525209426879883
0.03533625602722168
0.035367727279663086
0.035504817962646484
0.035394906997680664
0.03537106513977051
0.03540515899658203
0.0351409912109375
0.035901546478271484
0.035613298416137695
0.035327911376953125
0.035399436950683594
0.035152435302734375
0.03553175926208496
0.035421133041381836
0.03527522087097168
0.035151004791259766
0.03536343574523926
0.03527474403381348
0.0354766845703125
0.03531193733215332
0.035349130630493164
0.03518080711364746
0.03514289855957031
0.03529477119445801
0.03528165817260742
0.03572964668273926
0.03524589538574219
0.035336971282958984
0.03540229797363281
0.03529715538024902
0.036969900131225586
0.035064697265625
0.0353243350982666
0.03539466857910156
0.03589200973510742
0.035593509674072266
0.03539872169494629
0.03525376319885254
0.03536248207092285
0.03528761863708496
0.03548836708068848
0.03548312187194824
0.03554487228393555
0.0358281135559082
0.035323143005371094
0.03531765937805176
0.03517794609069824
0.035430908203125
0.0353848934173584
0.03519701957702637
0.035552263259887695
0.03525876998901367
0.035608768463134766
0.03528642654418945
0.035330772399902344
0.03529071807861328
0.03671836853027344
0.035295724868774414
0.03536391258239746
0.03538179397583008
0.035143136978149414
0.03575325012207031
0.035298824310302734
0.03510928153991699
0.03515887260437012
0.0352940559387207
0.035241127014160156
0.035303354263305664
0.0353245735168457
0.03537607192993164
0.03513622283935547
0.03540444374084473
0.03529500961303711
0.03521227836608887
0.03533458709716797
0.03532910346984863
0.03556489944458008
0.0351870059967041
0.03510546684265137
0.03511857986450195
0.03542017936706543
0.03545498847961426
0.035172224044799805
0.035222530364990234
0.03529071807861328
0.03581881523132324
0.03525424003601074
0.03541231155395508
0.03532910346984863
0.03525209426879883
0.035102128982543945
0.03510284423828125
0.03539586067199707
0.035413265228271484
0.035552263259887695
0.03537297248840332
0.0351414680480957
0.03542065620422363
0.03524208068847656
0.0352625846862793
0.03498983383178711
0.03527975082397461
0.03526020050048828
0.03548860549926758
0.035298824310302734
0.03473091125488281
0.03501296043395996
0.03503680229187012
0.03516697883605957
0.03532838821411133
0.03504633903503418
0.03523755073547363
0.036092281341552734
0.03527569770812988
0.035430908203125
0.03551316261291504
0.03529477119445801
0.03538036346435547
0.03526711463928223
0.035231828689575195
0.03532290458679199
0.03557300567626953
0.035163164138793945
0.03522157669067383
0.035279273986816406
0.03525376319885254
0.0352938175201416
0.03538918495178223
0.03505349159240723
0.035265207290649414
0.03571724891662598
0.03524470329284668
0.03506016731262207
0.03536343574523926
0.03537750244140625
0.03529095649719238
0.03537487983703613
0.03545236587524414
0.03546500205993652
0.035400390625
0.035219669342041016
0.035250186920166016
0.03517889976501465
0.03543996810913086
0.035538434982299805
0.035331010818481445
0.03543257713317871
0.035442352294921875
0.03555417060852051
0.03541398048400879
0.03529953956604004
0.03545355796813965
0.03538632392883301
0.03508734703063965
0.03546309471130371
0.03507232666015625
0.03510451316833496
0.03536415100097656
0.03527498245239258
0.035021305084228516
0.03542661666870117
0.03530597686767578
0.035198211669921875
0.03541922569274902
0.03515791893005371
0.03519153594970703
0.03539681434631348
0.03548622131347656
0.03523898124694824
0.03512930870056152
0.03538060188293457
0.035182952880859375
0.0352475643157959
0.03515934944152832
0.03539896011352539
0.03544306755065918
0.035253047943115234
0.03519582748413086
0.035208940505981445
0.03513813018798828
0.03528428077697754
0.03533148765563965
0.03554105758666992
0.03514671325683594
0.03575563430786133
0.0352015495300293
0.035269975662231445
0.03538179397583008
0.03500175476074219
0.03483319282531738
0.03540825843811035
0.03505706787109375
0.03513216972351074
0.03543829917907715
0.035327911376953125
0.035085439682006836
0.03507494926452637
0.03516960144042969
0.03497481346130371
0.035331010818481445
0.03521895408630371
0.035443782806396484
0.03547334671020508
0.03556370735168457
0.03535199165344238
0.03535103797912598
0.035592079162597656
0.03540182113647461
0.035378217697143555
0.035494089126586914
0.03541827201843262
0.03555703163146973
0.035284996032714844
0.03526711463928223
0.035253047943115234
0.035428762435913086
0.03531217575073242
0.03528785705566406
0.0354158878326416
0.03572678565979004
0.03608131408691406
0.035364627838134766
0.03517651557922363
0.035338640213012695
0.0355226993560791
0.035283803939819336
0.03524160385131836
0.03530573844909668
0.03528761863708496
0.035700082778930664
0.03521919250488281
0.03551602363586426
0.035310983657836914
0.03536844253540039
0.03513765335083008
0.03532910346984863
0.035310983657836914
0.03513622283935547
0.03559565544128418
0.03521299362182617
0.03546476364135742
0.03512144088745117
0.035176753997802734
0.035472869873046875
0.03545808792114258
0.03529930114746094
0.03530383110046387
0.03600597381591797
0.035382986068725586
0.03526735305786133
0.035149574279785156
0.03523659706115723
0.03551340103149414
0.0351715087890625
0.03579878807067871
0.03537750244140625
0.035671234130859375
0.03546571731567383
0.03513050079345703
0.03525876998901367
0.03547978401184082
0.035393476486206055
0.03563809394836426
0.03520321846008301
0.03495359420776367
0.03563833236694336
0.03545379638671875
0.035254478454589844
0.03547382354736328
0.035578012466430664
0.035529136657714844
0.03545236587524414
0.03532052040100098
0.03522825241088867
0.0359041690826416
0.035245418548583984
0.03551506996154785
0.0355074405670166
0.03558158874511719
0.035512685775756836
0.03552532196044922
0.03508281707763672
0.03523063659667969
0.03538775444030762
0.035340070724487305
0.03518414497375488
0.035425424575805664
0.03539848327636719
0.0352015495300293
0.03521108627319336
0.03537750244140625
0.03524136543273926
0.03566265106201172
0.035642385482788086
0.03521418571472168
0.03546452522277832
0.03513002395629883
0.035637855529785156
0.03507661819458008
0.03523755073547363
0.03534388542175293
0.0356745719909668
0.03528904914855957
0.03547215461730957
0.03515911102294922
0.03558516502380371
0.035182952880859375
0.03542590141296387
0.03546404838562012
0.0352931022644043
0.03551173210144043
0.03521728515625
0.03546142578125
0.035355329513549805
0.035230159759521484
0.035234689712524414
0.03520941734313965
0.035234928131103516
0.035482168197631836
0.03571891784667969
0.035413503646850586
0.035294532775878906
0.035449981689453125
0.03523850440979004
0.03528857231140137
0.03528261184692383
0.03536415100097656
0.0352628231048584
0.0361478328704834
0.035158395767211914
0.03558230400085449
0.0349881649017334
0.03541159629821777
0.035486698150634766
0.035456180572509766
0.03594827651977539
0.035417795181274414
0.03545880317687988
0.03502345085144043
0.03532767295837402
0.03565621376037598
0.035463571548461914
0.03569841384887695
0.03540754318237305
0.03542041778564453
0.03531908988952637
0.03571605682373047
0.035372018814086914
0.03535723686218262
0.03490090370178223
0.03548908233642578
0.03556561470031738
0.03523135185241699
0.03545808792114258
0.03515887260437012
0.03554677963256836
0.03523993492126465
0.035537004470825195
0.03531169891357422
0.0354156494140625
0.0356440544128418
0.037515878677368164
0.03799629211425781
0.03711676597595215
0.037160396575927734
0.036978721618652344
0.03719615936279297
0.03738760948181152
0.039406538009643555
0.038880348205566406
0.04100394248962402
0.042449235916137695
0.03964567184448242
0.038125038146972656
0.03655052185058594
0.0380549430847168
0.03641033172607422
0.038579702377319336
0.03737688064575195
0.03931450843811035
0.03806662559509277
0.03553509712219238
0.03716278076171875
0.03580951690673828
0.03533005714416504
0.035182952880859375
0.03562521934509277
0.03553652763366699
0.03550553321838379
0.03541088104248047
0.035187482833862305
0.03571677207946777
0.0354924201965332
0.03546905517578125
0.035264015197753906
0.03533673286437988
0.035314321517944336
0.03526186943054199
0.03523612022399902
0.03523373603820801
0.035541534423828125
0.0353856086730957
0.03782296180725098
0.03574872016906738
0.03566884994506836
0.03526663780212402
0.03536391258239746
0.03544139862060547
0.03541874885559082
0.03557109832763672
0.03531646728515625
0.0353391170501709
0.03553509712219238
0.03542733192443848
0.035489559173583984
0.03539228439331055
0.03537750244140625
0.03545260429382324
0.03584599494934082
0.03543663024902344
0.03547334671020508
0.03515625
0.03552889823913574
0.035180091857910156
0.03542375564575195
0.03549313545227051
0.03557896614074707
0.03558611869812012
0.035243988037109375
0.03562188148498535
0.03511619567871094
0.03520965576171875
0.035422563552856445
0.03524208068847656
0.03533935546875
0.03554725646972656
0.036011695861816406
0.035280704498291016
0.035614728927612305
0.03550243377685547
0.0353848934173584
0.03527045249938965
0.03522324562072754
0.03525257110595703
0.035359859466552734
0.03553318977355957
0.03526663780212402
0.035338640213012695
0.03527522087097168
0.03538942337036133
0.03522777557373047
0.03533148765563965
0.03538942337036133
0.03518939018249512
0.035894155502319336
0.03525972366333008
0.03511619567871094
0.03521561622619629
0.03541994094848633
0.035369157791137695
0.03558635711669922
0.0355074405670166
0.03536486625671387
0.035910844802856445
0.03545331954956055
0.03534889221191406
0.03569650650024414
0.03565406799316406
0.03551292419433594
0.03528475761413574
0.03487253189086914
0.035608530044555664
0.03560352325439453
0.035405874252319336
0.03549838066101074
0.03
0.03527998924255371
0.03545331954956055
0.03561758995056152
0.03566169738769531
0.03519034385681152
0.03578615188598633
0.035327911376953125
0.035413503646850586
0.03511548042297363
0.03559255599975586
0.03543996810913086
0.03545236587524414
0.03527092933654785
0.03526425361633301
0.03581070899963379
0.03541684150695801
0.035321712493896484
0.03539228439331055
0.03556203842163086
0.0353851318359375
0.03541970252990723
0.03545689582824707
0.03548884391784668
0.03578329086303711
0.03542208671569824
0.03560495376586914
0.035273075103759766
0.03535628318786621
0.035709381103515625
0.035082340240478516
0.035167694091796875
0.03534054756164551
0.03568458557128906
0.03566312789916992
0.03543233871459961
0.03524446487426758
0.03538918495178223
0.03579211235046387
0.03545975685119629
0.035326242446899414
0.03532123565673828
0.03572678565979004
0.035314083099365234
0.03529167175292969
0.03561973571777344
0.03541231155395508
0.03545570373535156
0.035388946533203125
0.03564023971557617
0.03530144691467285
0.03587079048156738
0.03523659706115723
0.035746097564697266
0.03542733192443848
0.035294532775878906
0.035309553146362305
0.0353543758392334
0.03562307357788086
0.03566145896911621
0.03541827201843262
0.0354769229888916
0.03558802604675293
0.035324811935424805
0.03685760498046875
0.03544330596923828
0.0354151725769043
0.03536057472229004
0.035707712173461914
0.03616905212402344
0.03544330596923828
0.03539729118347168
0.035474538803100586
0.03531384468078613
0.035358428955078125
0.035247802734375
0.03537249565124512
0.03518390655517578
0.035642385482788086
0.03563880920410156
0.03525066375732422
0.03529787063598633
0.03564453125
0.035315752029418945
0.03533673286437988
0.03531646728515625
0.03514504432678223
0.03553652763366699
0.035382747650146484
0.035506248474121094
0.03519105911254883
0.03537726402282715
0.035433053970336914
0.03528571128845215
0.03548884391784668
0.03520774841308594
0.03575325012207031
0.03531312942504883
0.035394906997680664
0.035352230072021484
0.03543376922607422
0.035707950592041016
0.03531599044799805
0.035445451736450195
0.03544807434082031
0.035921573638916016
0.035462379455566406
0.035666465759277344
0.035416364669799805
0.035585880279541016
0.03539228439331055
0.03542327880859375
0.03550982475280762
0.03529834747314453
0.03585028648376465
0.035118818283081055
0.03549766540527344
0.03542685508728027
0.03544974327087402
0.035355329513549805
0.03578901290893555
0.03519463539123535
0.03550004959106445
0.03575873374938965
0.03522062301635742
0.035303592681884766
0.03527426719665527
0.03567910194396973
0.0351719856262207
0.03550410270690918
0.035579681396484375
0.03528428077697754
0.035588741302490234
0.035413265228271484
0.035500288009643555
0.035546064376831055
0.03519129753112793
0.0353546142578125
0.035477399826049805
0.035478830337524414
0.036186933517456055
0.035707950592041016
0.03534078598022461
0.035344600677490234
0.03499269485473633
0.03509211540222168
0.035498619079589844
0.03542900085449219
0.03529167175292969
0.035491943359375
0.03566551208496094
0.035431623458862305
0.03549480438232422
0.03514575958251953
0.035526275634765625
0.03520536422729492
0.03533005714416504
0.035350799560546875
0.03524613380432129
0.03562188148498535
0.035361528396606445
0.03519153594970703
0.03549385070800781
0.03527522087097168
0.03523373603820801
0.03553462028503418
0.03525233268737793
0.0353848934173584
0.03577709197998047
0.03535294532775879
0.0353391170501709
0.03560805320739746
0.03540444374084473
0.03542470932006836
0.03553605079650879
0.035511016845703125
0.03545498847961426
0.03626871109008789
0.03535723686218262
0.03550291061401367
0.035329580307006836
0.03519558906555176
0.035399436950683594
0.03524923324584961
0.03540754318237305
0.03520917892456055
0.03566479682922363
0.035421133041381836
0.035404205322265625
0.03537797927856445
0.035277605056762695
0.03542375564575195
0.035199642181396484
0.03523612022399902
0.03518533706665039
0.035600900650024414
0.03539085388183594
0.03543877601623535
0.03550601005554199
0.03533029556274414
0.03527021408081055
0.03530764579772949
0.035483360290527344
0.03516125679016113
0.03581357002258301
0.03557467460632324
0.035362958908081055
0.03533625602722168
0.03538012504577637
0.03537726402282715
0.035396575927734375
0.035471200942993164
0.035512685775756836
0.03563117980957031
0.035202980041503906
0.03525495529174805
0.035387277603149414
0.03544926643371582
0.03529024124145508
0.03533673286437988
0.03515148162841797
0.0352933406829834
0.0355067253112793
0.03529930114746094
0.03522825241088867
0.03515362739562988
0.03542041778564453
0.03522968292236328
0.03509855270385742
0.0352632999420166
0.035262346267700195
0.03555417060852051
0.03530311584472656
0.03528404235839844
0.0352940559387207
0.03548407554626465
0.0353388786315918
0.03531503677368164
0.03518557548522949
0.03540158271789551
0.03558635711669922
0.03570127487182617
0.037200927734375
0.03540849685668945
0.035193443298339844
0.035479068756103516
0.035247087478637695
0.03534507751464844
0.035301923751831055
0.03590893745422363
0.03558063507080078
0.03557300567626953
0.03553199768066406
0.03547382354736328
0.03552365303039551
0.03509855270385742
0.035121917724609375
0.0353093147277832
0.03573417663574219
0.03557753562927246
0.03531503677368164
0.03546500205993652
0.035176753997802734
0.03531694412231445
0.03567194938659668
0.0352632999420166
0.03556466102600098
0.03583192825317383
0.03530740737915039
0.03525662422180176
0.03583574295043945
0.035173654556274414
0.035451412200927734
0.03533434867858887
0.03545069694519043
0.0350034236907959
0.03570222854614258
0.0355525016784668
0.03503823280334473
0.0355069637298584
0.03543877601623535
0.035468339920043945
0.03528952598571777
0.035246849060058594
0.03562045097351074
0.03591513633728027
0.03534102439880371
0.03520679473876953
0.035504817962646484
0.035569190979003906
0.03538012504577637
0.035402774810791016
0.03530263900756836
0.03545880317687988
0.035856008529663086
0.03528785705566406
0.035440921783447266
0.035607337951660156
0.03577613830566406
0.0355374813079834
0.0353388786315918
0.035404205322265625
0.03521394729614258
0.0356903076171875
0.035332679748535156
0.03530764579772949
0.03539395332336426
0.0352783203125
0.03536653518676758
0.03550004959106445
0.03533029556274414
0.035349130630493164
0.035616159439086914
0.035369157791137695
0.03542613983154297
0.03557229042053223
0.03527355194091797
0.03540802001953125
0.03535318374633789
0.03501272201538086
0.03521537780761719
0.035845041275024414
0.03537917137145996
0.035321950912475586
0.035369873046875
0.03526020050048828
0.03550577163696289
0.035449981689453125
0.03545522689819336
0.03668403625488281
0.0358123779296875
0.03550124168395996
0.03527355194091797
0.03564858436584473
0.035422563552856445
0.03497004508972168
0.03521299362182617
0.035346269607543945
0.035535573959350586
0.03590250015258789
0.03537750244140625
0.03523874282836914
0.03536796569824219
0.035346269607543945
0.035455942153930664
0.03544187545776367
0.035462379455566406
0.03520011901855469
0.035669565200805664
0.035375356674194336
0.0349884033203125
0.035369157791137695
0.035283803939819336
0.03530573844909668
0.03530478477478027
0.03534579277038574
0.03558921813964844
0.03563261032104492
0.035448312759399414
0.0355684757232666
0.03541088104248047
0.03561043739318848
0.03550004959106445
0.03543496131896973
0.035268545150756836
0.03531289100646973
0.0356142520904541
0.035123348236083984
0.03522372245788574
0.03528404235839844
0.03537750244140625
0.03528141975402832
0.035167694091796875
0.03567624092102051
0.03539633750915527
0.03574419021606445
0.035465240478515625
0.03516054153442383
0.03556990623474121
0.03525233268737793
0.03531002998352051
0.0355374813079834
0.03521919250488281
0.0353236198425293
0.035652875900268555
0.03547096252441406
0.03540301322937012
0.03538203239440918
0.035212039947509766
0.03518557548522949
0.035428524017333984
0.03523087501525879
0.03536057472229004
0.03595399856567383
0.03538155555725098
0.03516793251037598
0.035297393798828125
0.03528285026550293
0.03511619567871094
0.035439491271972656
0.03523373603820801
