0.04176211357116699
0.03611397743225098
0.0367891788482666
0.04179191589355469
0.02660989761352539
0.026670217514038086
0.026753902435302734
0.02654266357421875
0.026538848876953125
0.02650618553161621
0.02661585807800293
0.02668023109436035
0.026810646057128906
0.02653026580810547
0.02652120590209961
0.026535511016845703
0.02649545669555664
0.02664804458618164
0.026836633682250977
0.026459932327270508
0.026581525802612305
0.02650141716003418
0.026551485061645508
0.02653646469116211
0.02694106101989746
0.026620864868164062
0.026499509811401367
0.02650904655456543
0.026612043380737305
0.02644944190979004
0.02663278579711914
0.02695012092590332
0.02645421028137207
0.026487350463867188
0.026505470275878906
0.026576995849609375
0.026563405990600586
0.026781082153320312
0.026532411575317383
0.02657938003540039
0.026520729064941406
0.02648782730102539
0.026525259017944336
0.026964187622070312
0.02653646469116211
0.026445627212524414
0.02649092674255371
0.026526689529418945
0.026454925537109375
0.026696205139160156
0.02678370475769043
0.026502609252929688
0.026506900787353516
0.026533126831054688
0.026498794555664062
0.026782989501953125
0.026787757873535156
0.026445627212524414
0.02652144432067871
0.026456832885742188
0.02644038200378418
0.026657819747924805
0.026840925216674805
0.02646040916442871
0.02648186683654785
0.026536941528320312
0.026585817337036133
0.0264892578125
0.026674747467041016
0.027176618576049805
0.026531457901000977
0.026484012603759766
0.02654433250427246
0.02647089958190918
0.026470184326171875
0.026735782623291016
0.02656698226928711
0.02673649787902832
0.026469945907592773
0.026484966278076172
0.026452064514160156
0.026810884475708008
0.026517629623413086
0.02646660804748535
0.026390790939331055
0.026662588119506836
0.026562929153442383
0.02673935890197754
0.027760982513427734
0.026523113250732422
0.02649068832397461
0.02652430534362793
0.026446104049682617
0.026406288146972656
0.026744365692138672
0.026491403579711914
0.026464223861694336
0.026491403579711914
0.02714228630065918
0.0264132022857666
0.02653217315673828
0.02710437774658203
0.02645087242126465
0.0265042781829834
0.026569128036499023
0.02649831771850586
0.026515960693359375
0.026950359344482422
0.02648758888244629
0.02653336524963379
0.02651238441467285
0.026511669158935547
0.026594161987304688
0.02676701545715332
0.026483774185180664
0.026628971099853516
0.026630878448486328
0.026561498641967773
0.026657581329345703
0.026641368865966797
0.026858091354370117
0.02662205696105957
0.0265810489654541
0.026604652404785156
0.02663421630859375
0.02657485008239746
0.02681732177734375
0.026782512664794922
0.02664470672607422
0.026578187942504883
0.02659893035888672
0.026561260223388672
0.026562213897705078
0.026936054229736328
0.02656722068786621
0.026578903198242188
0.026586055755615234
0.026634931564331055
0.026726722717285156
0.02690577507019043
0.026723623275756836
0.026560068130493164
0.02653789520263672
0.02651381492614746
0.026512861251831055
0.027068376541137695
0.02655768394470215
0.02648472785949707
0.02651047706604004
0.026548385620117188
0.0264739990234375
0.026573896408081055
0.02672100067138672
0.02652120590209961
0.026468515396118164
0.026484012603759766
0.0264894962310791
0.026659250259399414
0.026454687118530273
0.026861190795898438
0.02650165557861328
0.026561498641967773
0.02644038200378418
0.02653813362121582
0.026517391204833984
0.026588916778564453
0.02697157859802246
0.026494264602661133
0.026623249053955078
0.026554107666015625
0.026540279388427734
0.026529312133789062
0.026558637619018555
0.026950836181640625
0.02649235725402832
0.026643037796020508
0.02659320831298828
0.026519060134887695
0.026597976684570312
0.027738332748413086
0.026954174041748047
0.026526927947998047
0.026612281799316406
0.0265657901763916
0.02653360366821289
0.0266263484954834
0.02657628059387207
0.02686285972595215
0.026727914810180664
0.026615619659423828
0.026562213897705078
0.02658534049987793
0.026662826538085938
0.026611328125
0.026929855346679688
0.02651524543762207
0.02655935287475586
0.02660536766052246
0.026590824127197266
0.02659153938293457
0.026578187942504883
0.026949167251586914
0.026526927947998047
0.02659916877746582
0.02658534049987793
0.028088808059692383
0.026598215103149414
0.026610612869262695
0.02698040008544922
0.02656269073486328
0.02657771110534668
0.026589632034301758
0.026671409606933594
0.026633501052856445
0.02666783332824707
0.026949167251586914
0.02654862403869629
0.026647567749023438
0.026660442352294922
0.026607036590576172
0.02660965919494629
0.026627779006958008
0.0269320011138916
0.02655029296875
0.026589393615722656
0.026634931564331055
0.02659296989440918
0.026567935943603516
0.026737689971923828
0.027243614196777344
0.026602983474731445
0.026558876037597656
0.02655649185180664
0.026597023010253906
0.026617765426635742
0.0266263484954834
0.02692556381225586
0.026571035385131836
0.0269010066986084
0.026554107666015625
0.026537418365478516
0.026526689529418945
0.026586055755615234
0.026880979537963867
0.026440143585205078
0.026584863662719727
0.02653360366821289
0.02649688720703125
0.026555299758911133
0.026577472686767578
0.02682042121887207
0.026538610458374023
0.026557445526123047
0.026478052139282227
0.0265657901763916
0.026740074157714844
0.02653050422668457
0.02684617042541504
0.026566267013549805
0.02651667594909668
0.026547670364379883
0.026539087295532227
0.026551008224487305
0.026639223098754883
0.026941537857055664
0.026529788970947266
0.0265805721282959
0.026586055755615234
0.02650594711303711
0.02660822868347168
0.026539087295532227
0.026857614517211914
0.026556015014648438
0.026499271392822266
0.026483535766601562
0.026535511016845703
0.026584148406982422
0.026497840881347656
0.026932477951049805
0.026552915573120117
0.027683734893798828
0.027885913848876953
0.02651810646057129
0.026549339294433594
0.026511430740356445
0.026865243911743164
0.026519298553466797
0.02658700942993164
0.026589393615722656
0.026556015014648438
0.02656841278076172
0.02655339241027832
0.02689337730407715
0.026525020599365234
0.026557445526123047
0.02650904655456543
0.026537179946899414
0.02654862403869629
0.02653813362121582
0.02696061134338379
0.02651691436767578
0.026692867279052734
0.02658867835998535
0.026453495025634766
0.027127504348754883
0.026560544967651367
0.026949644088745117
0.026517391204833984
0.026505708694458008
0.026552200317382812
0.0265960693359375
0.02652740478515625
0.026695966720581055
0.027241945266723633
0.026526927947998047
0.026508808135986328
0.02709507942199707
0.026574373245239258
0.026461362838745117
0.0265500545501709
0.02685999870300293
0.026608943939208984
0.026544570922851562
0.026556968688964844
0.02646946907043457
0.026692628860473633
0.026564359664916992
0.026862144470214844
0.026525497436523438
0.02648472785949707
0.02686929702758789
0.02641892433166504
0.026485919952392578
0.02644944190979004
0.02693653106689453
0.02642035484313965
0.026401281356811523
0.026440858840942383
0.02652740478515625
0.02650308609008789
0.026504993438720703
0.02677178382873535
0.02643442153930664
0.026503562927246094
0.02646923065185547
0.026441335678100586
0.026460647583007812
0.02639913558959961
0.026868820190429688
0.02645277976989746
0.026376724243164062
0.026669979095458984
0.02637624740600586
0.026416778564453125
0.02649545669555664
0.026804447174072266
0.02646160125732422
0.02638530731201172
0.02645730972290039
0.026519298553466797
0.026406288146972656
0.02640390396118164
0.02692699432373047
0.026569128036499023
0.02636098861694336
0.026494503021240234
0.02646350860595703
0.026540756225585938
0.0265347957611084
0.02685260772705078
0.02638840675354004
0.026425838470458984
0.02646350860595703
0.02644968032836914
0.02649068832397461
0.026407718658447266
0.026850223541259766
0.026428699493408203
0.02642345428466797
0.026491880416870117
0.026416301727294922
0.0264894962310791
0.026473283767700195
0.026819229125976562
0.026393413543701172
0.02649974822998047
0.02647852897644043
0.026497364044189453
0.026415586471557617
0.02637648582458496
0.026784420013427734
0.026398420333862305
0.026401281356811523
0.02651214599609375
0.02643871307373047
0.02649378776550293
0.02663445472717285
0.026375293731689453
0.02638411521911621
0.026546716690063477
0.026346206665039062
0.026456117630004883
0.026418209075927734
0.026811838150024414
0.02644658088684082
0.026462793350219727
0.0264742374420166
0.026374101638793945
0.0264279842376709
0.02645564079284668
0.026813745498657227
0.026497364044189453
0.02643752098083496
0.026493072509765625
0.026427268981933594
0.026381731033325195
0.026391983032226562
0.026932477951049805
0.027077674865722656
0.02662968635559082
0.026566743850708008
0.026620864868164062
0.02677178382873535
0.026652812957763672
0.026856660842895508
0.02655029296875
0.026710987091064453
0.02654266357421875
0.02663278579711914
0.026433944702148438
0.026499032974243164
0.02703571319580078
0.026520729064941406
0.02677750587463379
0.026473045349121094
0.02649402618408203
0.026535987854003906
0.02669811248779297
0.02688288688659668
0.026556015014648438
0.02645421028137207
0.0265657901763916
0.02656865119934082
0.026445865631103516
0.02647852897644043
0.026884078979492188
0.026474952697753906
0.026557445526123047
0.026456594467163086
0.02645397186279297
0.026528596878051758
0.026508569717407227
0.02685856819152832
0.02642059326171875
0.02646636962890625
0.02655196189880371
0.02649211883544922
0.026683568954467773
0.026613235473632812
0.027053117752075195
0.026618480682373047
0.026680707931518555
0.026655912399291992
0.026553630828857422
0.02663564682006836
0.02672100067138672
0.026976823806762695
0.026503801345825195
0.026757001876831055
0.02679586410522461
0.026578664779663086
0.02645564079284668
0.026691913604736328
0.027191162109375
0.02644801139831543
0.02662825584411621
0.02699136734008789
0.026746511459350586
0.026489973068237305
0.02667403221130371
0.027277469635009766
0.02647686004638672
0.026692867279052734
0.026493310928344727
0.026602745056152344
0.026637792587280273
0.0265200138092041
0.026784896850585938
0.026493072509765625
0.026393890380859375
0.026442527770996094
0.026654481887817383
0.02652287483215332
0.026482820510864258
0.02651071548461914
0.027082204818725586
0.0264279842376709
0.026477813720703125
0.026490211486816406
0.026479005813598633
0.026572227478027344
0.02679896354675293
0.026775836944580078
0.026546478271484375
0.026525497436523438
0.026587724685668945
0.02644205093383789
0.02653646469116211
0.026438474655151367
0.026614665985107422
0.026669979095458984
0.02654242515563965
0.026430845260620117
0.02649378776550293
0.02666926383972168
0.026408910751342773
0.02651500701904297
0.026828289031982422
0.02646923065185547
0.02652740478515625
0.026465415954589844
0.0264284610748291
0.026419878005981445
0.02645730972290039
0.02639293670654297
0.026899099349975586
0.026448965072631836
0.02642059326171875
0.026514291763305664
0.02639150619506836
0.026480913162231445
0.026682615280151367
0.027360916137695312
0.02655029296875
0.02679276466369629
0.026702165603637695
0.02670764923095703
0.026613712310791016
0.02650928497314453
0.02655816078186035
0.026958942413330078
0.026736974716186523
0.026628732681274414
0.026519060134887695
0.026537179946899414
0.026596546173095703
0.026734590530395508
0.0269167423248291
0.026471853256225586
0.026747941970825195
0.02689051628112793
0.026794910430908203
0.026723146438598633
0.026674985885620117
0.026512861251831055
0.026990890502929688
0.026601552963256836
0.0265958309173584
0.026537418365478516
0.02670001983642578
0.026584148406982422
0.026546239852905273
0.02710700035095215
0.02670884132385254
0.026470661163330078
0.0266110897064209
0.026643037796020508
0.026597261428833008
0.026528120040893555
0.02672100067138672
0.02718663215637207
0.02660202980041504
0.026541709899902344
0.02646636962890625
0.02654552459716797
0.026625871658325195
0.02654433250427246
0.02705669403076172
0.02662825584411621
0.026586294174194336
0.026544809341430664
0.026779651641845703
0.02663397789001465
0.02660059928894043
0.026734113693237305
0.026971101760864258
0.02675461769104004
0.026504993438720703
0.02667093276977539
0.02674126625061035
0.026640653610229492
0.0265805721282959
0.02702927589416504
0.026886701583862305
0.026510000228881836
0.026624679565429688
0.02651810646057129
0.026601791381835938
0.026529312133789062
0.026540756225585938
0.027023792266845703
0.026716947555541992
0.02646470069885254
0.026485204696655273
0.026580095291137695
0.026525259017944336
0.026668787002563477
0.026935100555419922
0.026450157165527344
0.026445865631103516
0.02665877342224121
0.026569604873657227
0.02660226821899414
0.026530027389526367
0.02657461166381836
0.026880264282226562
0.02671670913696289
0.02662491798400879
0.026478290557861328
0.026579618453979492
0.026627302169799805
0.026625394821166992
0.026848793029785156
0.026484251022338867
0.026499032974243164
0.026546955108642578
0.02671217918395996
0.026517152786254883
0.02661895751953125
0.026570558547973633
0.02693915367126465
0.02650594711303711
0.026609182357788086
0.026573896408081055
0.026538848876953125
0.026544809341430664
0.02650904655456543
0.02689981460571289
0.026595115661621094
0.026496410369873047
0.026542186737060547
0.02783823013305664
0.026576519012451172
0.026602745056152344
0.026571273803710938
0.026871919631958008
0.026561737060546875
0.0265657901763916
0.026555776596069336
0.02656722068786621
0.02665567398071289
0.02646327018737793
0.026919126510620117
0.026504039764404297
0.026578426361083984
0.026592254638671875
0.026566267013549805
0.026448488235473633
0.026568174362182617
0.02675628662109375
0.027162790298461914
0.026628971099853516
0.02651357650756836
0.026535511016845703
0.026694297790527344
0.02658224105834961
0.026544809341430664
0.0269315242767334
0.026592731475830078
0.026584148406982422
0.026447772979736328
0.026523590087890625
0.02654123306274414
0.02654886245727539
0.02654266357421875
0.0268707275390625
0.02657341957092285
0.02656388282775879
0.026441097259521484
0.0265047550201416
0.026625394821166992
0.02678513526916504
0.027059316635131836
0.026553869247436523
0.02671957015991211
0.026730060577392578
0.02670574188232422
0.026622533798217773
0.027052640914916992
0.026587724685668945
0.026935577392578125
0.02675604820251465
0.02659749984741211
0.026798248291015625
0.02656698226928711
0.02657771110534668
0.026581764221191406
0.028522491455078125
0.02657461166381836
0.02653980255126953
0.026576757431030273
0.026561975479125977
0.02654552459716797
0.026586294174194336
0.02649545669555664
0.02678537368774414
0.02649402618408203
0.02645587921142578
0.02660989761352539
0.02660346031188965
0.026428699493408203
0.026447772979736328
0.0269167423248291
0.026554107666015625
0.026483774185180664
0.02658867835998535
0.02648186683654785
0.026540040969848633
0.026389360427856445
0.02640080451965332
0.026825666427612305
0.02644515037536621
0.026491641998291016
0.026563644409179688
0.02646780014038086
0.026610612869262695
0.026720285415649414
0.026868820190429688
0.0265347957611084
0.026512622833251953
0.026568889617919922
0.026540279388427734
0.027459144592285156
0.026592731475830078
0.026676416397094727
0.026928186416625977
0.02664661407470703
0.026550769805908203
0.026582956314086914
0.02657341957092285
0.026617765426635742
0.026480913162231445
0.02685260772705078
0.02654743194580078
0.026543855667114258
0.026588916778564453
0.02664470672607422
0.026532888412475586
0.02660512924194336
0.026578426361083984
0.02716207504272461
0.02653193473815918
0.026615619659423828
0.02651357650756836
0.026520490646362305
0.026438236236572266
0.026483774185180664
0.026951313018798828
0.026497602462768555
0.026526212692260742
0.026592493057250977
0.02649211883544922
0.02650284767150879
0.026770830154418945
0.02661728858947754
0.026858806610107422
0.02658820152282715
0.026555538177490234
0.02646040916442871
0.026552438735961914
0.02656412124633789
0.02653193473815918
0.026865005493164062
0.026485919952392578
0.026652097702026367
0.026540756225585938
0.02709484100341797
0.02664494514465332
0.02672743797302246
0.026610612869262695
0.02679157257080078
0.026606082916259766
0.026586294174194336
0.026533126831054688
0.026531457901000977
0.026641845703125
0.026512622833251953
0.02695298194885254
0.026504039764404297
0.026488304138183594
0.02652144432067871
0.026487112045288086
0.026572227478027344
0.026517152786254883
0.02684617042541504
0.026609182357788086
0.026518821716308594
0.02656841278076172
0.02661871910095215
0.02653050422668457
0.02658534049987793
0.02687978744506836
0.026533126831054688
0.026682615280151367
0.026574134826660156
0.026623964309692383
0.02653360366821289
0.026559829711914062
0.02655768394470215
0.02690434455871582
0.0265958309173584
0.026584863662719727
0.026571273803710938
0.026573657989501953
0.02649998664855957
0.02653193473815918
0.026968955993652344
0.026519060134887695
0.026528120040893555
0.026556730270385742
0.02659320831298828
0.026637792587280273
0.02660536766052246
0.026580333709716797
0.02696990966796875
0.026577472686767578
0.02651834487915039
0.026508808135986328
0.026533842086791992
0.02657485008239746
0.026507854461669922
0.02689194679260254
0.026520252227783203
0.0264742374420166
0.026515960693359375
0.02654242515563965
0.02658557891845703
0.02658224105834961
0.02654576301574707
0.027155637741088867
0.02663564682006836
0.026499509811401367
0.02653670310974121
0.026587486267089844
0.026506900787353516
0.026505231857299805
0.026788711547851562
0.026526927947998047
0.026636362075805664
0.026579856872558594
0.026509761810302734
0.026652097702026367
0.0265500545501709
0.026578664779663086
0.026824951171875
0.026830673217773438
0.026449918746948242
0.026493072509765625
0.026644468307495117
0.02649378776550293
0.026556015014648438
0.02698349952697754
0.026487112045288086
0.026558399200439453
0.026523351669311523
0.02648329734802246
0.02658557891845703
0.026578903198242188
0.026563644409179688
0.02688145637512207
0.02653813362121582
0.02650594711303711
0.026531457901000977
0.026589632034301758
0.026514053344726562
0.02672553062438965
0.026907920837402344
0.02660393714904785
0.02787494659423828
0.026535749435424805
0.026572704315185547
0.026561260223388672
0.02713155746459961
0.02646160125732422
0.026792049407958984
0.02649211883544922
0.02651190757751465
0.026451587677001953
0.02707672119140625
0.026494979858398438
0.02649688720703125
0.02676701545715332
0.026452302932739258
0.026422500610351562
0.026484966278076172
0.02647876739501953
0.02646636962890625
0.026535511016845703
0.026534318923950195
0.026891708374023438
0.02651834487915039
0.026521682739257812
0.026570796966552734
0.026452302932739258
0.026573896408081055
0.026476144790649414
0.0268402099609375
0.0265655517578125
0.026471376419067383
0.02646350860595703
0.026437997817993164
0.026421308517456055
0.02651047706604004
0.02651691436767578
0.026951074600219727
0.026820659637451172
0.026473283767700195
0.026536941528320312
0.02654242515563965
0.026545047760009766
0.026479244232177734
0.026859521865844727
0.026619434356689453
0.0265810489654541
0.02657914161682129
0.026589632034301758
0.026594161987304688
0.026558399200439453
0.02658820152282715
0.027143239974975586
0.026561260223388672
0.026503801345825195
0.026517391204833984
0.026601791381835938
0.026552915573120117
0.026512622833251953
0.02690887451171875
0.02649545669555664
0.0264892578125
0.02652740478515625
0.026514053344726562
0.028107643127441406
0.026604652404785156
0.026611328125
0.026954174041748047
0.0265500545501709
0.026559829711914062
0.02650165557861328
0.0266110897064209
0.02667069435119629
0.02663111686706543
0.026970386505126953
0.026556015014648438
0.02658700942993164
0.026569128036499023
0.026546001434326172
0.026593923568725586
0.02653670310974121
0.02662944793701172
0.02696084976196289
0.02658987045288086
0.026571273803710938
0.02661299705505371
0.02656245231628418
0.02649664878845215
0.026587724685668945
0.02700185775756836
0.026614665985107422
0.026551246643066406
0.026669979095458984
0.02666783332824707
0.026668787002563477
0.026658296585083008
0.026654958724975586
0.027037858963012695
0.026632070541381836
0.0264890193939209
0.02666616439819336
0.02666616439819336
0.026503801345825195
0.02656102180480957
0.026947736740112305
0.026607275009155273
0.026874065399169922
0.026815414428710938
0.0268402099609375
0.026800870895385742
0.02694869041442871
0.02643871307373047
0.027106761932373047
0.0267641544342041
0.026973247528076172
0.026647329330444336
0.026618480682373047
0.0264437198638916
0.026821374893188477
0.026969432830810547
0.0266721248626709
0.026677608489990234
0.02652764320373535
0.02664351463317871
0.02653956413269043
0.02660655975341797
0.026708364486694336
0.026996612548828125
0.026772737503051758
0.026681900024414062
0.026675939559936523
0.026839733123779297
0.026757240295410156
0.026684999465942383
0.026920080184936523
0.026706695556640625
0.026705503463745117
0.026720046997070312
0.026711463928222656
0.026758909225463867
0.02676677703857422
0.026629209518432617
0.0272829532623291
0.026738643646240234
0.02653336524963379
0.026531219482421875
0.0267026424407959
0.026839733123779297
0.026648521423339844
0.027135848999023438
0.026697158813476562
0.0265963077545166
0.026564598083496094
0.02662205696105957
0.026564598083496094
0.02661919593811035
0.026584625244140625
0.027043581008911133
0.02667093276977539
0.026734113693237305
0.02665090560913086
0.02667069435119629
0.02664637565612793
0.026576757431030273
0.027008533477783203
0.02668452262878418
0.026618003845214844
0.02672553062438965
0.026658296585083008
0.026674747467041016
0.026682138442993164
0.026564836502075195
0.02709794044494629
0.026654481887817383
0.02669239044189453
0.02669548988342285
0.026621580123901367
0.0265350341796875
0.026678800582885742
0.02705550193786621
0.026747703552246094
0.026660442352294922
0.02661895751953125
0.026537179946899414
0.026586055755615234
0.026636362075805664
0.026643037796020508
0.026932477951049805
0.026591777801513672
0.026669979095458984
0.02653193473815918
0.02660226821899414
0.026645660400390625
0.026869535446166992
0.027222394943237305
0.026708364486694336
0.02664041519165039
0.03256559371948242
0.03809237480163574
0.028611183166503906
0.026589632034301758
0.026697158813476562
0.026939868927001953
0.02662491798400879
0.026884794235229492
0.026616811752319336
0.02653217315673828
0.026630401611328125
0.026610136032104492
0.026894569396972656
0.026577472686767578
0.026586532592773438
0.026533842086791992
0.02807450294494629
0.02670884132385254
0.026734113693237305
0.026527881622314453
0.027109861373901367
0.02664470672607422
0.02662038803100586
0.0266268253326416
0.02656698226928711
0.026551246643066406
0.026554584503173828
0.027012109756469727
0.02660202980041504
0.026575803756713867
0.026597976684570312
0.026613473892211914
0.026659250259399414
0.026616811752319336
0.026667118072509766
0.027256011962890625
0.02660393714904785
0.026657581329345703
0.026602983474731445
0.0266571044921875
0.026640653610229492
0.026666879653930664
0.02701425552368164
0.02660536766052246
0.02668309211730957
0.026594877243041992
0.02677011489868164
0.02671074867248535
0.0266110897064209
0.02659130096435547
0.027098894119262695
0.02675604820251465
0.026758193969726562
0.026723861694335938
0.026652097702026367
0.026476144790649414
0.026643753051757812
0.026923656463623047
0.026886940002441406
0.02666950225830078
0.026696205139160156
0.02667546272277832
0.02655959129333496
0.026718854904174805
0.026628971099853516
0.026890277862548828
0.026592254638671875
0.02661418914794922
0.02660536766052246
0.026613235473632812
0.026665925979614258
0.02666759490966797
0.027064085006713867
0.026688337326049805
0.026609420776367188
0.026690959930419922
0.02651667594909668
0.026500463485717773
0.026654958724975586
0.026645660400390625
0.02693009376525879
0.02661442756652832
0.026694774627685547
0.026716947555541992
0.026828527450561523
0.02668905258178711
0.02670764923095703
0.02698349952697754
0.026698589324951172
0.02670001983642578
0.026667356491088867
0.026647567749023438
0.026743650436401367
0.026653528213500977
0.02661752700805664
0.027002573013305664
0.026628732681274414
0.02655196189880371
0.026495933532714844
0.02663111686706543
0.02660346031188965
0.02665400505065918
0.02714395523071289
0.026682138442993164
0.02661919593811035
0.026614665985107422
0.02670574188232422
0.02660393714904785
0.026482343673706055
0.02658367156982422
0.02708721160888672
0.026661396026611328
0.026614904403686523
0.02664780616760254
0.026728153228759766
0.026621341705322266
0.026500463485717773
0.026595115661621094
0.02672100067138672
0.026618480682373047
0.026727914810180664
0.02676677703857422
0.026797771453857422
0.027304887771606445
0.02668595314025879
0.026752471923828125
0.026712417602539062
0.026723623275756836
0.02669835090637207
0.026764392852783203
0.02703547477722168
0.02666473388671875
0.02656388282775879
0.026611328125
0.026638269424438477
0.026668310165405273
0.026651859283447266
0.026818275451660156
0.027056217193603516
0.02670145034790039
0.026606321334838867
0.026593923568725586
0.02663278579711914
0.026671171188354492
0.02669048309326172
0.027005672454833984
0.026598691940307617
0.026676416397094727
0.02671504020690918
0.026602983474731445
0.02676081657409668
0.026682376861572266
0.026639699935913086
0.026941299438476562
0.02666020393371582
0.026708364486694336
0.02664804458618164
0.026744604110717773
0.026735305786132812
0.0266571044921875
0.02698659896850586
0.0266876220703125
0.02660083770751953
0.026713132858276367
0.02669668197631836
0.026697397232055664
0.0266726016998291
0.026651620864868164
0.027089357376098633
0.02671217918395996
0.026607513427734375
0.026592493057250977
0.026734113693237305
0.026896953582763672
0.026746511459350586
0.02701115608215332
0.026573896408081055
0.026661396026611328
0.026622533798217773
0.02659130096435547
0.026663780212402344
0.02666306495666504
0.026606082916259766
0.027042865753173828
0.026782989501953125
0.026696443557739258
0.026568889617919922
0.02670598030090332
0.026683807373046875
0.026681184768676758
0.027028799057006836
0.026666641235351562
0.026674985885620117
0.026703596115112305
0.02670907974243164
0.026708602905273438
0.02671027183532715
0.02670907974243164
0.02704143524169922
0.02666187286376953
0.026747941970825195
0.0266878604888916
0.026665210723876953
0.026540756225585938
0.026559829711914062
0.026951313018798828
0.0267179012298584
0.02660655975341797
0.026704788208007812
0.026856422424316406
0.02671647071838379
0.026836156845092773
0.026731252670288086
0.02739095687866211
0.026763439178466797
0.026625394821166992
0.026648283004760742
0.02665257453918457
0.026929616928100586
0.026740312576293945
0.027136564254760742
0.026744604110717773
0.026715517044067383
0.02673816680908203
0.026773452758789062
0.02669692039489746
0.026729583740234375
0.026706457138061523
0.027118682861328125
0.026806116104125977
0.026708126068115234
0.02673625946044922
0.02672433853149414
0.02682352066040039
0.026821136474609375
0.027100086212158203
0.02672123908996582
0.026833534240722656
0.026811599731445312
0.02673649787902832
0.026673555374145508
0.026730775833129883
0.026694536209106445
0.027112245559692383
0.026653766632080078
0.02664351463317871
0.026944637298583984
0.026768922805786133
0.026853084564208984
0.026754140853881836
0.02710127830505371
0.02669668197631836
0.02678847312927246
0.02680039405822754
0.026803255081176758
0.026690244674682617
0.026710033416748047
0.026846885681152344
0.027142763137817383
0.02685236930847168
0.02680826187133789
0.026845455169677734
0.02686142921447754
0.026841163635253906
0.026751041412353516
0.027085065841674805
0.026674985885620117
0.026854515075683594
0.026756763458251953
0.0268707275390625
0.026896953582763672
0.026787996292114258
0.0267941951751709
0.027205467224121094
0.026880979537963867
0.026743173599243164
0.02676558494567871
0.02676987648010254
0.02670884132385254
0.026769638061523438
0.02718043327331543
0.02677130699157715
0.02685070037841797
0.02674388885498047
0.026909351348876953
0.02678084373474121
0.02676248550415039
0.02664494514465332
0.027092695236206055
0.026778459548950195
0.026820659637451172
0.026802778244018555
0.026831626892089844
0.026804685592651367
0.0269014835357666
0.027195215225219727
0.026901721954345703
0.02670431137084961
0.02667379379272461
0.026764392852783203
0.026823759078979492
0.02681875228881836
0.026906251907348633
0.02734827995300293
0.02671360969543457
0.02682638168334961
0.02681279182434082
0.026867151260375977
0.026802778244018555
0.026734590530395508
0.027062177658081055
0.02680182456970215
0.026780128479003906
0.02666640281677246
0.026801586151123047
0.026805400848388672
0.026805639266967773
0.026813745498657227
0.027156591415405273
0.02679896354675293
0.02700948715209961
0.026787519454956055
0.02669811248779297
0.026793718338012695
0.026735782623291016
0.02709341049194336
0.026760578155517578
0.0267486572265625
0.02674126625061035
0.026696443557739258
0.026765823364257812
0.026710033416748047
0.02681422233581543
0.027189254760742188
0.026784896850585938
0.02680039405822754
0.026815414428710938
0.026795625686645508
0.026871919631958008
0.026779651641845703
0.027099609375
0.026951313018798828
0.026838064193725586
0.02685546875
0.026783466339111328
0.026697874069213867
0.026814699172973633
0.02677321434020996
0.02718377113342285
0.0267333984375
0.026806354522705078
0.026650667190551758
0.02685070037841797
0.02676701545715332
0.026735305786132812
0.02709174156188965
0.026768922805786133
0.026814699172973633
0.02686142921447754
0.026795625686645508
0.026732683181762695
0.026835203170776367
0.02672290802001953
0.027199268341064453
0.02682328224182129
0.026741743087768555
0.026697158813476562
0.026731014251708984
0.026783227920532227
0.0266571044921875
0.0269775390625
0.026646137237548828
0.02666330337524414
0.026676654815673828
0.02658224105834961
0.026647090911865234
0.026584863662719727
0.026557207107543945
0.026999711990356445
0.02660346031188965
0.026607036590576172
0.026570796966552734
0.026591777801513672
0.026739120483398438
0.02677321434020996
0.027158260345458984
0.0269472599029541
0.02735114097595215
0.026662111282348633
0.0266573429107666
0.02669048309326172
0.026635169982910156
0.026816368103027344
0.027315378189086914
0.0265200138092041
0.026511669158935547
0.026498079299926758
0.026571989059448242
0.02663135528564453
0.02667546272277832
0.027045011520385742
0.026633501052856445
0.026655197143554688
0.02660989761352539
0.026575803756713867
0.02659130096435547
0.026621341705322266
0.02669358253479004
0.027010679244995117
0.026656627655029297
0.026720046997070312
0.02668595314025879
0.026670217514038086
0.02668285369873047
0.02659749984741211
0.026924848556518555
0.026937246322631836
0.026558399200439453
0.026676654815673828
0.026730775833129883
0.0266268253326416
0.026558637619018555
0.02649712562561035
0.02699899673461914
0.02672433853149414
0.026711463928222656
0.026574373245239258
0.026489734649658203
0.026531696319580078
0.026543617248535156
0.026869535446166992
0.026822805404663086
0.026573657989501953
0.026556730270385742
0.02650904655456543
0.026683807373046875
0.02665090560913086
0.026695966720581055
0.026983261108398438
0.026668310165405273
0.026694297790527344
0.026717662811279297
0.026710987091064453
0.02667999267578125
0.02657341957092285
0.027125835418701172
0.02660393714904785
0.02656722068786621
0.026601314544677734
0.026616811752319336
0.026616334915161133
0.02665090560913086
0.026546001434326172
0.026970863342285156
0.026612281799316406
0.026549100875854492
0.026607513427734375
0.02654123306274414
0.026518583297729492
0.026536941528320312
0.026903152465820312
0.02677130699157715
0.026684999465942383
0.026684284210205078
0.026755332946777344
0.02661919593811035
0.026703834533691406
0.0267183780670166
0.0270535945892334
0.026703596115112305
0.02670001983642578
0.02675151824951172
0.026532649993896484
0.026662826538085938
0.02678370475769043
0.02707529067993164
0.026625633239746094
0.026582717895507812
0.026540279388427734
0.026508569717407227
0.026617050170898438
0.026702404022216797
0.02678203582763672
0.027132749557495117
0.026570558547973633
0.02662944793701172
0.026659727096557617
0.02668023109436035
0.02666330337524414
0.026639699935913086
0.026919126510620117
0.026593923568725586
0.026505470275878906
0.026726722717285156
0.0265960693359375
0.026585102081298828
0.026569128036499023
0.026542186737060547
0.026999711990356445
0.026654720306396484
0.02660393714904785
0.02667975425720215
0.027015209197998047
0.02722620964050293
0.02688288688659668
0.02706599235534668
0.02688431739807129
0.026837825775146484
0.026861906051635742
0.026731491088867188
0.02682042121887207
0.026737689971923828
0.026787
0.026827096939086914
0.0269320011138916
0.026867151260375977
0.02674269676208496
0.026509761810302734
0.026681184768676758
0.02677774429321289
0.026951313018798828
0.026992321014404297
0.02795267105102539
0.027380943298339844
0.026815176010131836
0.026549816131591797
0.026545047760009766
0.02683234214782715
0.026696205139160156
0.02709341049194336
0.02675175666809082
0.026537656784057617
0.02670764923095703
0.026882410049438477
0.026822566986083984
0.026721954345703125
0.027043819427490234
0.02673196792602539
0.026593446731567383
0.026645898818969727
0.026729583740234375
0.026983976364135742
0.026755094528198242
0.02685689926147461
0.027622222900390625
0.02718830108642578
0.026919126510620117
0.026793479919433594
0.026866436004638672
0.026902437210083008
0.02697896957397461
0.0273740291595459
0.027253150939941406
0.02665257453918457
0.026894092559814453
0.026929140090942383
0.026746749877929688
0.026895999908447266
0.026704788208007812
0.027666091918945312
0.027176856994628906
0.026876449584960938
0.0270383358001709
0.027210712432861328
0.026737451553344727
0.02676701545715332
0.026986360549926758
0.02706766128540039
0.02669048309326172
0.026791095733642578
0.026668548583984375
0.026637554168701172
0.026761531829833984
0.026697874069213867
0.027209997177124023
0.026769399642944336
0.026606082916259766
0.02681422233581543
0.026700258255004883
0.02658867835998535
0.026753902435302734
0.02715277671813965
0.026952266693115234
0.026713848114013672
0.02661299705505371
0.026894092559814453
0.027022600173950195
0.02694535255432129
0.026709794998168945
0.027170419692993164
0.026679039001464844
0.026741504669189453
0.02671647071838379
0.026721477508544922
0.026770353317260742
0.026742219924926758
0.02727055549621582
0.026693344116210938
0.026700973510742188
0.026636838912963867
0.026825666427612305
0.02678227424621582
0.026764869689941406
0.026890277862548828
0.027144908905029297
0.02669048309326172
0.02668905258178711
0.026847362518310547
0.026762962341308594
0.02669382095336914
0.026743173599243164
0.02718377113342285
0.026650667190551758
0.026653289794921875
0.026813983917236328
0.026781320571899414
0.02697134017944336
0.026725053787231445
0.026879310607910156
0.02721381187438965
0.026793241500854492
0.02688312530517578
0.0269625186920166
0.0269167423248291
0.02693462371826172
0.02673959732055664
0.02738332748413086
0.02677154541015625
0.02690434455871582
0.02680063247680664
0.02697896957397461
0.027005434036254883
0.026831626892089844
0.02678704261779785
0.02744770050048828
0.027090787887573242
0.02685260772705078
0.02675151824951172
0.02679920196533203
0.026684284210205078
0.026932716369628906
0.027478456497192383
0.026798009872436523
0.026778459548950195
0.026792049407958984
0.026945114135742188
0.026920080184936523
0.026755332946777344
0.026749372482299805
0.0270230770111084
0.02698516845703125
0.026714324951171875
0.026806116104125977
0.026862382888793945
0.02671647071838379
0.0267336368560791
0.027209043502807617
0.02680182456970215
0.026674509048461914
0.0268094539642334
0.02707958221435547
0.02681589126586914
0.0269014835357666
0.026891231536865234
0.027765274047851562
0.026943206787109375
0.02690434455871582
0.026993751525878906
0.026897907257080078
0.026840925216674805
0.02697014808654785
0.027387142181396484
0.026851177215576172
0.02686595916748047
0.0270993709564209
0.02701711654663086
0.02686929702758789
0.026805877685546875
0.02684497833251953
0.027196168899536133
0.02664351463317871
0.02687668800354004
0.026688098907470703
0.02678680419921875
0.02679729461669922
0.026861190795898438
0.026989459991455078
0.02679896354675293
0.026862621307373047
0.026806116104125977
0.026762008666992188
0.026736021041870117
0.026807785034179688
0.026936054229736328
0.02720355987548828
0.02692270278930664
0.026830196380615234
0.026702404022216797
0.02676224708557129
0.02673959732055664
0.026667118072509766
0.027219295501708984
0.02686905860900879
0.027011394500732422
0.026906251907348633
0.026776790618896484
0.026917219161987305
0.026767492294311523
0.02813434600830078
0.027473926544189453
0.026786327362060547
0.026770830154418945
0.026772022247314453
0.02673482894897461
0.026659011840820312
0.026654720306396484
0.02692699432373047
0.026811599731445312
0.026871204376220703
0.026859045028686523
0.026703357696533203
0.026734590530395508
0.026884794235229492
0.026726961135864258
0.02724170684814453
0.02669072151184082
0.026755332946777344
0.026724815368652344
0.026720762252807617
0.0267336368560791
0.02671647071838379
0.027096986770629883
0.02680206298828125
0.02676987648010254
0.026928424835205078
0.026784181594848633
0.026749849319458008
0.026691436767578125
0.026762008666992188
0.02729630470275879
0.026837587356567383
0.02677011489868164
0.026851415634155273
0.026839256286621094
0.026912450790405273
0.026757478713989258
0.02716827392578125
0.026874780654907227
0.026734352111816406
0.026786327362060547
0.026852846145629883
0.026800155639648438
0.026803970336914062
0.02704477310180664
0.02718520164489746
0.02666306495666504
0.02681899070739746
0.02685093879699707
0.026619434356689453
0.026714563369750977
0.026741981506347656
0.026932954788208008
0.026697158813476562
0.026707887649536133
0.026922941207885742
0.026835918426513672
0.026884078979492188
0.026959896087646484
0.02742743492126465
0.02701735496520996
0.02691483497619629
0.026906728744506836
0.026749849319458008
0.026983976364135742
0.026807069778442383
0.026958465576171875
0.027189254760742188
0.026915311813354492
0.026816606521606445
0.02685856819152832
0.027060985565185547
0.02687692642211914
0.026838064193725586
0.026829957962036133
0.02728104591369629
0.026778459548950195
0.026822566986083984
0.026815414428710938
0.02674245834350586
0.02663111686706543
0.02675342559814453
0.027094125747680664
0.02692413330078125
0.026880502700805664
0.026694297790527344
0.0267636775970459
0.026789426803588867
0.026799678802490234
0.026784658432006836
0.027141332626342773
0.02667546272277832
0.026690006256103516
0.026744365692138672
0.02698040008544922
0.02676081657409668
0.02678370475769043
0.027133464813232422
0.026927709579467773
0.02682971954345703
0.026822328567504883
0.026834487915039062
0.026897668838500977
0.027042150497436523
0.02690720558166504
0.02721548080444336
0.02702808380126953
0.026847124099731445
0.027548789978027344
0.02673053741455078
0.02674579620361328
0.026798486709594727
0.02730083465576172
0.026702165603637695
0.02684617042541504
0.02684617042541504
0.026900291442871094
0.0268094539642334
0.02677321434020996
0.02671527862548828
0.027036190032958984
0.026752233505249023
0.02672123908996582
0.0267794132232666
0.02683115005493164
0.026723623275756836
0.02688145637512207
0.027042627334594727
0.026804447174072266
0.02670741081237793
0.02672576904296875
0.026749849319458008
0.026824474334716797
0.02666473388671875
0.02689671516418457
0.02723550796508789
0.026676416397094727
0.026702165603637695
0.02671194076538086
0.027776479721069336
0.026813268661499023
0.026830434799194336
0.027043581008911133
0.026732921600341797
0.026714324951171875
0.026734590530395508
0.02678704261779785
0.02677321434020996
0.02679133415222168
0.02674579620361328
0.027144193649291992
0.026807308197021484
0.026716232299804688
0.0267486572265625
0.026736736297607422
0.026842355728149414
0.026829242706298828
0.027164459228515625
0.026841402053833008
0.026609420776367188
0.02664494514465332
0.026779651641845703
0.02677011489868164
0.02669382095336914
0.026670455932617188
0.027105331420898438
0.02676224708557129
0.026701927185058594
0.02674722671508789
0.02660512924194336
0.02678513526916504
0.02678203582763672
0.027130842208862305
0.026839494705200195
0.026708602905273438
0.026921749114990234
0.026805877685546875
0.02673625946044922
0.026902437210083008
0.02676701545715332
0.02732253074645996
0.026714324951171875
0.026768207550048828
0.026875019073486328
0.0268251895904541
0.026726961135864258
0.026719093322753906
0.02720046043395996
0.026763439178466797
0.026884078979492188
0.0267336368560791
0.02691173553466797
0.02670741081237793
0.02694416046142578
0.02677130699157715
0.027390003204345703
0.026793241500854492
0.026915788650512695
0.02681446075439453
0.02677154541015625
0.02679300308227539
0.02679443359375
0.0267333984375
0.026688098907470703
0.026877164840698242
0.0267641544342041
0.027137041091918945
0.02676677703857422
0.02687859535217285
0.02674126625061035
0.026756763458251953
0.02687549591064453
0.026695728302001953
0.027155399322509766
0.02667403221130371
0.026743412017822266
0.026807546615600586
0.026901960372924805
0.026888132095336914
0.027118444442749023
0.0360713005065918
0.04209613800048828
0.026838064193725586
0.026788949966430664
0.026668310165405273
0.026754140853881836
0.026708602905273438
0.026753902435302734
0.027064800262451172
0.026844263076782227
0.02667522430419922
0.02675795555114746
0.026789188385009766
0.026865720748901367
0.02683568000793457
0.026762008666992188
0.02714228630065918
0.026880741119384766
0.026731491088867188
0.02685070037841797
0.026807308197021484
0.026837825775146484
0.026921510696411133
0.027125120162963867
0.0268707275390625
0.026818513870239258
0.02671957015991211
0.026764869689941406
0.026767969131469727
0.02677464485168457
0.026892423629760742
0.027202844619750977
0.02680516242980957
0.02692413330078125
0.02686929702758789
0.026810407638549805
0.02678060531616211
0.02683734893798828
0.027271509170532227
0.026866912841796875
0.026903867721557617
0.02695322036743164
0.0268251895904541
0.02679753303527832
0.026845693588256836
0.026853322982788086
0.027221202850341797
0.026854753494262695
0.026863574981689453
0.02682185173034668
0.026762962341308594
0.026866912841796875
0.02677631378173828
0.027188777923583984
0.026822566986083984
0.02685689926147461
0.02684807777404785
0.026930570602416992
0.02675485610961914
0.026862382888793945
0.02681136131286621
0.02719736099243164
0.026889324188232422
0.02685403823852539
0.02687239646911621
0.026755809783935547
0.02689361572265625
0.02668452262878418
0.027248144149780273
0.028763294219970703
0.027767419815063477
0.026799917221069336
0.026752233505249023
0.026862382888793945
0.02682971954345703
0.026909351348876953
0.027293682098388672
0.026853084564208984
0.026785850524902344
0.026857852935791016
0.02687978744506836
0.026746511459350586
0.02675628662109375
0.027271747589111328
0.02691936492919922
0.026830196380615234
0.026801347732543945
0.026871681213378906
0.026861190795898438
0.026757478713989258
0.02689194679260254
0.027316570281982422
0.026759862899780273
0.02673792839050293
0.02680683135986328
0.02683877944946289
0.0268251895904541
0.026769638061523438
0.027210712432861328
0.026787519454956055
0.026826143264770508
0.0268404483795166
0.026821374893188477
0.026823997497558594
0.02675318717956543
0.026787281036376953
0.02710866928100586
0.02676558494567871
0.026799678802490234
0.026808977127075195
0.02660965919494629
0.027204513549804688
0.02680659294128418
0.0270535945892334
0.026812076568603516
0.027022361755371094
0.02685379981994629
0.02701282501220703
0.02686619758605957
0.02673959732055664
0.026824474334716797
0.027088403701782227
0.026709794998168945
0.02679920196533203
0.026781082153320312
0.02681136131286621
0.02683281898498535
0.026927471160888672
0.02731156349182129
0.026880741119384766
0.026807785034179688
0.02711963653564453
0.026842832565307617
0.02707076072692871
0.027009248733520508
0.027059316635131836
0.027494192123413086
0.02708911895751953
0.02680373191833496
0.02688002586364746
0.027023792266845703
0.026957273483276367
0.02694559097290039
0.027357101440429688
0.0269162654876709
0.026863813400268555
0.026916980743408203
0.026746749877929688
0.02681756019592285
0.026942729949951172
0.02695941925048828
0.027265548706054688
0.026798009872436523
0.026841163635253906
0.026903867721557617
0.026968955993652344
0.02681708335876465
0.026894569396972656
0.02725386619567871
0.02686595916748047
0.026903390884399414
0.026767492294311523
0.02696704864501953
0.026732683181762695
0.026676654815673828
0.02684926986694336
0.027306795120239258
0.026834487915039062
0.02680039405822754
0.026917695999145508
0.02695465087890625
0.026805639266967773
0.026868343353271484
0.027370929718017578
0.026993751525878906
0.0271146297454834
0.02679729461669922
0.026952028274536133
0.02696990966796875
0.026841163635253906
0.02692270278930664
0.0274505615234375
0.02672743797302246
0.026896953582763672
0.026812314987182617
0.026853084564208984
0.026765823364257812
0.026878833770751953
0.027196168899536133
0.02685236930847168
0.02683281898498535
0.026768922805786133
0.026950597763061523
0.026775598526000977
0.02685546875
0.0267791748046875
0.02724146842956543
0.02675604820251465
0.0267946720123291
0.027096986770629883
0.026833295822143555
0.02684164047241211
0.026834964752197266
0.027128934860229492
0.026932239532470703
0.027141094207763672
0.02677321434020996
0.02684783935546875
0.02688312530517578
0.026823043823242188
0.026747465133666992
0.027194738388061523
0.026797056198120117
0.026778221130371094
0.026808977127075195
0.02732086181640625
0.026823997497558594
0.026826858520507812
0.027170181274414062
0.026811599731445312
0.028325557708740234
0.026840686798095703
0.026701927185058594
0.0268094539642334
0.026743650436401367
0.02686333656311035
0.027254104614257812
0.02685260772705078
0.02684330940246582
0.02673792839050293
0.026737689971923828
0.026823043823242188
0.02679443359375
0.02718496322631836
0.02674579620361328
0.026775121688842773
0.02677440643310547
0.02688288688659668
0.026867151260375977
0.026813745498657227
0.026835918426513672
0.027310609817504883
0.026879072189331055
0.026821136474609375
0.026873350143432617
0.02692866325378418
0.02684926986694336
0.026766300201416016
0.0271453857421875
0.026786327362060547
0.026804208755493164
0.026766061782836914
0.02684307098388672
0.02683711051940918
0.026886701583862305
0.026905536651611328
0.02727055549621582
0.026757478713989258
0.026789188385009766
0.026839494705200195
0.026784181594848633
0.026740312576293945
0.027077198028564453
0.027159690856933594
0.02681565284729004
0.026801347732543945
0.02674245834350586
0.026724815368652344
0.026867389678955078
0.026836633682250977
0.026884078979492188
0.027254104614257812
0.02669978141784668
0.02675461769104004
0.026805639266967773
0.0267026424407959
0.026814937591552734
0.026802539825439453
0.02714252471923828
0.02679920196533203
0.02680373191833496
0.026833057403564453
0.02684926986694336
0.02683424949645996
0.026777267456054688
0.02672576904296875
0.02869105339050293
0.026825428009033203
0.02687835693359375
0.026804685592651367
0.02677154541015625
0.02684807777404785
0.026856660842895508
0.027161121368408203
0.026752233505249023
0.026854991912841797
0.026790142059326172
0.02681589126586914
0.026693344116210938
0.02682805061340332
0.026793241500854492
0.027163982391357422
0.026735782623291016
0.02676701545715332
0.02675151824951172
0.026738882064819336
0.026758193969726562
0.026742935180664062
0.02711033821105957
0.026845455169677734
0.026734113693237305
0.02676987648010254
0.02679586410522461
0.026814699172973633
0.026811838150024414
0.02678227424621582
0.027131319046020508
0.026887178421020508
0.026901721954345703
0.026761770248413086
0.026833772659301758
0.02675914764404297
0.026797056198120117
0.027058839797973633
0.02665996551513672
0.027051448822021484
0.026877403259277344
0.02680373191833496
0.02675318717956543
0.026850461959838867
0.02841329574584961
0.027228593826293945
0.026772499084472656
0.02710413932800293
0.02678203582763672
0.026766300201416016
0.02669525146484375
0.026745319366455078
0.027186155319213867
0.026834964752197266
0.02691650390625
0.026873111724853516
0.02678394317626953
0.026766538619995117
0.026807308197021484
0.026867389678955078
0.027202129364013672
0.026804447174072266
0.0268402099609375
0.026906490325927734
0.0267789363861084
0.0267183780670166
0.026734590530395508
0.027232646942138672
0.0271148681640625
0.026890277862548828
0.02684330940246582
0.02687239646911621
0.0267941951751709
0.02683401107788086
0.02702927589416504
0.027333498001098633
0.026767730712890625
0.026772022247314453
0.026739120483398438
0.02685856819152832
0.026725292205810547
0.02671217918395996
0.027080535888671875
0.02670145034790039
0.0267794132232666
0.02673935890197754
0.026808977127075195
0.02681899070739746
0.02685379981994629
0.026817798614501953
0.027105331420898438
0.026787281036376953
0.02684187889099121
0.026896238327026367
0.026767730712890625
0.026749610900878906
0.026773929595947266
0.027172327041625977
0.026768207550048828
0.02666306495666504
0.026622533798217773
0.026721715927124023
0.0267794132232666
0.02668929100036621
0.026737451553344727
0.027225017547607422
0.02690434455871582
0.026881694793701172
0.02687859535217285
0.026790618896484375
0.026848554611206055
0.02684950828552246
0.02725076675415039
0.026869535446166992
0.02677178382873535
0.026804685592651367
0.02688145637512207
0.02693343162536621
0.026825428009033203
0.02684473991394043
0.02724766731262207
0.026957988739013672
0.026902198791503906
0.026966094970703125
0.026882648468017578
0.026829957962036133
0.02684330940246582
0.02725672721862793
0.02681756019592285
0.026906967163085938
0.026846885681152344
0.02681708335876465
0.02694535255432129
0.026870012283325195
0.027009248733520508
0.027313232421875
0.026830196380615234
0.026810884475708008
0.02696394920349121
0.026882410049438477
0.026876449584960938
0.02695012092590332
0.027460098266601562
0.02680516242980957
0.026859760284423828
0.026948928833007812
0.026955604553222656
0.02695775032043457
0.026949644088745117
0.026903152465820312
0.02718663215637207
0.026966094970703125
0.026938438415527344
0.026947736740112305
0.026847124099731445
0.026860713958740234
0.02692389488220215
0.027184724807739258
0.026905059814453125
0.027070999145507812
0.02707529067993164
0.026935100555419922
0.02707219123840332
0.026944398880004883
0.027052640914916992
0.027520179748535156
0.02688884735107422
0.026697158813476562
0.026909351348876953
0.02689814567565918
0.0269012451171875
0.026816129684448242
0.027396678924560547
0.026865482330322266
0.02688002586364746
0.026870012283325195
0.026871919631958008
0.02677440643310547
0.026885271072387695
0.02688884735107422
0.02738189697265625
0.026947736740112305
0.026972293853759766
0.02688121795654297
0.02687215805053711
0.02686309814453125
0.026861190795898438
0.02718663215637207
0.026957273483276367
0.030908584594726562
0.026903390884399414
0.02687692642211914
0.026866674423217773
0.026894807815551758
0.026947736740112305
0.027197837829589844
0.026986360549926758
0.026883363723754883
0.026836872100830078
0.026901960372924805
0.02688884735107422
0.026883363723754883
0.027302980422973633
0.026867151260375977
0.02692556381225586
0.026831865310668945
0.026854276657104492
0.026936054229736328
0.026906728744506836
0.0269320011138916
0.027150869369506836
0.0267486572265625
0.02687549591064453
0.0267946720123291
0.026718854904174805
0.0268099308013916
0.02687978744506836
0.027240991592407227
0.0269012451171875
0.02690601348876953
0.026698589324951172
0.026804208755493164
0.026906728744506836
0.02696704864501953
0.026915311813354492
0.027242183685302734
0.02684187889099121
0.026912450790405273
0.026867151260375977
0.026909589767456055
0.026898622512817383
0.02675485610961914
0.02716970443725586
0.026800870895385742
0.026848554611206055
0.026884794235229492
0.026875734329223633
0.026769399642944336
0.02672266960144043
0.026897430419921875
0.0272524356842041
0.02681875228881836
0.02688908576965332
0.02688312530517578
0.02680373191833496
0.02680206298828125
0.026842355728149414
0.02708745002746582
0.026816844940185547
0.026922225952148438
0.0269014835357666
0.02688455581665039
0.026816129684448242
0.026871681213378906
0.02699756622314453
0.027503252029418945
0.02687549591064453
0.026882410049438477
0.02674412727355957
0.026826858520507812
0.026900768280029297
0.02689361572265625
0.02727365493774414
0.026888370513916016
0.026974201202392578
0.026868104934692383
0.026881933212280273
0.02698969841003418
0.026871204376220703
0.026857376098632812
0.02714061737060547
0.026784181594848633
0.026912689208984375
0.026774883270263672
0.026766538619995117
0.026834964752197266
0.026753902435302734
0.027208328247070312
0.0267179012298584
0.026793479919433594
0.026787996292114258
0.026726484298706055
0.026803016662597656
0.02683424949645996
0.026781558990478516
0.027136564254760742
0.026792287826538086
0.026793718338012695
0.02686595916748047
0.02674579620361328
0.026714563369750977
0.026828765869140625
0.027148962020874023
0.026839494705200195
0.026735782623291016
0.026754140853881836
0.02682971954345703
0.026874303817749023
0.026824951171875
0.026781558990478516
0.027196645736694336
0.02692723274230957
0.02684187889099121
0.026662111282348633
0.027303218841552734
0.026888370513916016
0.026951313018798828
0.027220726013183594
0.02704620361328125
0.026867151260375977
0.026777029037475586
0.026859521865844727
0.026824474334716797
0.026749134063720703
0.026863813400268555
0.027184247970581055
0.02687835693359375
0.0268404483795166
0.026773929595947266
0.02668929100036621
0.026757001876831055
0.02681446075439453
0.027219295501708984
0.026771068572998047
0.026860952377319336
0.026827573776245117
0.02687358856201172
0.026874542236328125
0.02671527862548828
0.026846885681152344
0.02723073959350586
0.026763439178466797
0.026781558990478516
0.02684330940246582
0.026773929595947266
0.02678060531616211
0.026845693588256836
0.027225255966186523
0.02695631980895996
0.026871919631958008
0.026794910430908203
0.026742219924926758
0.027860641479492188
0.026774883270263672
0.026976585388183594
0.027456045150756836
0.02686595916748047
0.02692699432373047
0.02683424949645996
0.026738643646240234
0.026829957962036133
0.026839733123779297
0.027219772338867188
0.02682662010192871
0.02682805061340332
0.026851654052734375
0.02675652503967285
0.02673196792602539
0.02677130699157715
0.026821374893188477
0.02716851234436035
0.026923179626464844
0.026740312576293945
0.02669382095336914
0.02679276466369629
0.026718854904174805
0.026763439178466797
0.027140140533447266
0.026808977127075195
0.02681708335876465
0.02675485610961914
0.030776262283325195
0.027052879333496094
0.026824474334716797
0.026747465133666992
0.027154922485351562
0.026776552200317383
0.02683711051940918
0.026815414428710938
0.026772499084472656
0.02670764923095703
0.026723861694335938
0.02712392807006836
0.02677631378173828
0.02676105499267578
0.02680349349975586
0.026834964752197266
0.02686452865600586
0.02692866325378418
0.026811838150024414
0.02726578712463379
0.02674412727355957
0.02677130699157715
0.026798009872436523
0.026836395263671875
0.026841402053833008
0.026761770248413086
0.027240276336669922
0.026916027069091797
0.026722431182861328
0.02667522430419922
0.02676081657409668
0.026866674423217773
0.026851177215576172
0.026819229125976562
0.027116060256958008
0.026818037033081055
0.026816368103027344
0.02678370475769043
0.026853322982788086
0.026870250701904297
0.026857376098632812
0.027281999588012695
0.026875734329223633
0.027482271194458008
0.026819705963134766
0.026793479919433594
0.026807546615600586
0.02676868438720703
0.026627063751220703
0.027106523513793945
0.026849031448364258
0.026753664016723633
0.026823759078979492
0.026840925216674805
0.026804208755493164
0.026816129684448242
0.027194738388061523
0.02681136131286621
0.02674412727355957
0.026831388473510742
0.02687811851501465
0.026805400848388672
0.0266876220703125
0.027055978775024414
0.027428150177001953
0.027020931243896484
0.027219057083129883
0.0271151065826416
0.027156352996826172
0.027495384216308594
0.026990413665771484
0.027132272720336914
0.026777982711791992
0.027141571044921875
0.026773691177368164
0.026953697204589844
0.026778697967529297
0.026964426040649414
0.026862382888793945
0.027390718460083008
0.02712726593017578
0.026824474334716797
0.027027130126953125
0.026888132095336914
0.026824235916137695
0.02681565284729004
0.027364730834960938
0.026931285858154297
0.027065515518188477
0.02675771713256836
0.027013301849365234
0.026808977127075195
0.02689981460571289
0.026873111724853516
0.02720499038696289
0.026850223541259766
0.026688337326049805
0.026831865310668945
0.02672123908996582
0.026793479919433594
0.026766061782836914
0.027101993560791016
0.02686786651611328
0.027028560638427734
0.026824951171875
0.02694869041442871
0.027350902557373047
0.027039051055908203
0.027256488800048828
0.027396202087402344
0.027254819869995117
0.02700352668762207
0.027648448944091797
0.02702617645263672
0.02733588218688965
0.026901960372924805
0.02806377410888672
0.02700185775756836
0.027739524841308594
0.026850461959838867
0.026923656463623047
0.02703237533569336
0.0267488956451416
0.026998519897460938
0.02729654312133789
0.026843547821044922
0.027039766311645508
0.026998519897460938
0.027114152908325195
0.026916027069091797
0.027160167694091797
0.02750372886657715
0.027302026748657227
0.02692699432373047
0.027071714401245117
0.026885986328125
0.027053356170654297
0.026907920837402344
0.02685546875
0.027246952056884766
0.027001380920410156
0.026812076568603516
0.026829957962036133
0.026883363723754883
0.02679157257080078
0.0269773006439209
0.0273282527923584
0.026956796646118164
0.026876449584960938
0.028488874435424805
0.027136564254760742
0.02690887451171875
0.027034997940063477
0.027193069458007812
0.02730560302734375
0.02695322036743164
0.026850461959838867
0.026891708374023438
0.026889324188232422
0.026956558227539062
0.026821136474609375
0.02715301513671875
0.027053117752075195
0.02682662010192871
0.02682018280029297
0.02698540687561035
0.027231693267822266
0.026904582977294922
0.026828289031982422
0.02740645408630371
0.026999950408935547
0.026904582977294922
0.026802778244018555
0.02681875228881836
0.02692723274230957
0.02688741683959961
0.027299880981445312
0.02717733383178711
0.026853322982788086
0.026983261108398438
0.027102231979370117
0.02714371681213379
0.026957988739013672
0.026911497116088867
0.027355194091796875
0.026875972747802734
0.027106761932373047
0.02683711051940918
0.02705216407775879
0.026977062225341797
0.027133464813232422
0.027480363845825195
0.02692246437072754
0.026868104934692383
0.027037620544433594
0.027022600173950195
0.02677631378173828
0.026932954788208008
0.027148962020874023
0.0273435115814209
0.02685260772705078
0.026896953582763672
0.026849031448364258
0.02680206298828125
0.027016878128051758
0.026961803436279297
0.027521371841430664
0.026894330978393555
0.027050495147705078
0.026981830596923828
0.026782751083374023
0.02682638168334961
0.026902198791503906
0.026895523071289062
0.027326107025146484
0.026818275451660156
0.02697443962097168
0.027112960815429688
0.026964902877807617
0.02715468406677246
0.026799678802490234
0.027358055114746094
0.026874780654907227
0.026998043060302734
0.0268402099609375
0.027109146118164062
0.026950836181640625
0.027473926544189453
0.026882171630859375
0.027274370193481445
0.027507543563842773
0.027089357376098633
0.026893138885498047
0.026884078979492188
0.027117490768432617
0.027049779891967773
0.027401447296142578
0.02702951431274414
0.026919841766357422
0.026969194412231445
0.027021408081054688
0.026837587356567383
0.026880979537963867
0.027069091796875
0.02752542495727539
0.027004480361938477
0.026763200759887695
0.02675008773803711
0.02708148956298828
0.026886463165283203
0.02692103385925293
0.027268171310424805
0.026862382888793945
0.02691197395324707
0.026870012283325195
0.027124643325805664
0.027039527893066406
0.026873111724853516
0.02676844596862793
0.027201175689697266
0.026874065399169922
0.02681422233581543
0.02686166763305664
0.0269927978515625
0.026973724365234375
0.026920557022094727
0.027270793914794922
0.027109622955322266
0.026918649673461914
0.026804447174072266
0.02693033218383789
0.0269925594329834
0.02689528465270996
0.026789426803588867
0.027126789093017578
0.026748180389404297
0.0268862247467041
0.026838302612304688
0.026745319366455078
0.0266873836517334
0.026770830154418945
0.027117013931274414
0.0267794132232666
0.0267636775970459
0.026714563369750977
0.02685260772705078
0.02682042121887207
0.026804208755493164
0.02687549591064453
0.027176618576049805
0.026824474334716797
0.026729822158813477
0.02697134017944336
0.02679157257080078
0.026798009872436523
0.026765108108520508
0.027292728424072266
0.027006864547729492
0.026807785034179688
0.02671337127685547
0.026781558990478516
0.026764631271362305
0.026995182037353516
0.02687978744506836
0.0272369384765625
0.0269930362701416
0.0267789363861084
0.02690911293029785
0.026850223541259766
0.026784420013427734
0.02681112289428711
0.027144432067871094
0.026845932006835938
0.026956558227539062
0.026802539825439453
0.026786327362060547
0.027324914932250977
0.02682018280029297
0.026795625686645508
0.027223825454711914
0.026873350143432617
0.02686333656311035
0.02670454978942871
0.026786327362060547
0.026797056198120117
0.026912689208984375
0.02731800079345703
0.027013540267944336
0.027083635330200195
0.026782512664794922
0.027032852172851562
0.026779651641845703
0.027155399322509766
0.027037620544433594
0.0275266170501709
0.0270841121673584
0.02688431739807129
0.026713132858276367
0.02701425552368164
0.02692890167236328
0.0267794132232666
0.027157068252563477
0.027162551879882812
0.02682328224182129
0.0268399715423584
0.026885032653808594
0.026798009872436523
0.02686476707458496
0.02677607536315918
0.02757430076599121
0.027087688446044922
0.026986122131347656
0.026894569396972656
0.02689361572265625
0.026743650436401367
0.027340412139892578
0.027109146118164062
0.026981592178344727
0.026805877685546875
0.026783227920532227
0.026740550994873047
0.02696824073791504
0.026803255081176758
0.026724576950073242
0.027333974838256836
0.026947736740112305
0.026823043823242188
0.027008056640625
0.026867389678955078
0.026939868927001953
0.026700258255004883
0.027247905731201172
0.026948928833007812
0.026849031448364258
0.026927709579467773
0.02701401710510254
0.027175426483154297
0.02680182456970215
0.026795148849487305
0.027271509170532227
0.026712417602539062
0.026842355728149414
0.026931285858154297
0.026940107345581055
0.02682805061340332
0.026889324188232422
0.027204513549804688
0.02698540687561035
0.02683877944946289
0.026906490325927734
0.0269317626953125
0.026871442794799805
0.026960372924804688
0.02679896354675293
0.02727031707763672
0.026927471160888672
0.02682971954345703
0.026839494705200195
0.02689838409423828
0.026839494705200195
0.026961803436279297
0.027185440063476562
0.026897192001342773
0.026863574981689453
0.026871681213378906
0.026925325393676758
0.02684187889099121
0.026849031448364258
0.026864290237426758
0.027296066284179688
0.026846885681152344
0.026943683624267578
0.02693796157836914
0.0268247127532959
0.027141571044921875
0.02687668800354004
0.027198076248168945
0.02679610252380371
0.026856422424316406
0.026888608932495117
0.026935815811157227
0.026833534240722656
0.026769638061523438
0.02699756622314453
0.027402162551879883
0.02677750587463379
0.026831865310668945
0.02690434455871582
0.02680516242980957
0.0268251895904541
0.02688312530517578
0.02718663215637207
0.026767969131469727
0.026740550994873047
0.02684640884399414
0.026846647262573242
0.02683734893798828
0.02714371681213379
0.0268247127532959
0.02735114097595215
0.026789188385009766
0.026805877685546875
0.026866674423217773
0.026954174041748047
0.026795387268066406
0.02691340446472168
0.027137279510498047
0.02704906463623047
0.02687668800354004
0.0268251895904541
0.026743412017822266
0.02672553062438965
0.02687525749206543
0.02689385414123535
0.027233362197875977
0.026883840560913086
0.026817798614501953
0.02702617645263672
0.02686166763305664
0.026860475540161133
0.026780366897583008
0.027298450469970703
0.026925325393676758
0.026920795440673828
0.02679157257080078
0.02691173553466797
0.026881933212280273
0.026798486709594727
0.026722431182861328
0.02716374397277832
0.026851177215576172
0.0269012451171875
0.026904582977294922
0.02694559097290039
0.026875972747802734
0.026998519897460938
0.027320146560668945
0.026976346969604492
0.026892900466918945
0.02674126625061035
0.02691960334777832
0.026859760284423828
0.02685856819152832
0.02680492401123047
0.027207374572753906
0.02687525749206543
0.026924848556518555
0.02686762809753418
0.02699589729309082
0.02688145637512207
0.026743412017822266
0.0272367000579834
0.026885032653808594
0.026985883712768555
0.026797771453857422
0.02690410614013672
0.026909589767456055
0.026834726333618164
0.026772737503051758
0.027220964431762695
0.026906967163085938
0.026860713958740234
0.026926040649414062
0.026856660842895508
0.026879072189331055
0.02684497833251953
0.02721691131591797
0.026874065399169922
0.02680063247680664
0.02695178985595703
0.02687835693359375
0.026883840560913086
0.02700972557067871
0.027089595794677734
0.026851177215576172
0.026873350143432617
0.026887893676757812
0.026905059814453125
0.028116703033447266
0.027302026748657227
0.02691650390625
0.0269317626953125
0.02689957618713379
0.02685070037841797
0.02713751792907715
0.02693796157836914
0.02688741683959961
0.02724313735961914
0.026948928833007812
0.026873111724853516
0.026813507080078125
0.026856422424316406
0.026999235153198242
0.026844024658203125
0.027156352996826172
0.02685070037841797
0.02677011489868164
0.02681708335876465
0.0268099308013916
0.027859210968017578
0.02685070037841797
0.02694106101989746
0.02727818489074707
0.026869535446166992
0.02697896957397461
0.02686023712158203
0.026828765869140625
0.026932477951049805
0.026930570602416992
0.027211427688598633
0.026888608932495117
0.02682781219482422
0.02690601348876953
0.026823997497558594
0.026880979537963867
0.026901721954345703
0.02691030502319336
0.02724456787109375
0.026984214782714844
0.026966571807861328
0.026839733123779297
0.026856184005737305
0.026904582977294922
0.026900529861450195
0.027191638946533203
0.026931285858154297
0.027165889739990234
0.027024030685424805
0.02688765525817871
0.02684330940246582
0.026923656463623047
0.026916027069091797
0.027215242385864258
0.026862144470214844
0.02685999870300293
0.02686452865600586
0.026938438415527344
0.026875019073486328
0.026940107345581055
0.027194499969482422
0.026890277862548828
0.026906967163085938
0.02687525749206543
0.02691507339477539
0.026996612548828125
0.026868104934692383
0.026834964752197266
0.027181148529052734
0.026857852935791016
0.02686786651611328
0.026799440383911133
0.026732444763183594
0.026881933212280273
0.027158737182617188
0.02715015411376953
0.026883363723754883
0.026840686798095703
0.02695441246032715
0.02685999870300293
0.026879549026489258
0.026798486709594727
0.02710747718811035
0.027593135833740234
0.026830196380615234
0.02692866325378418
0.02687811851501465
0.0268704891204834
0.026881933212280273
0.026907920837402344
0.0273129940032959
0.026932477951049805
0.026709556579589844
0.026790142059326172
0.02688908576965332
0.026936769485473633
0.02685379981994629
0.026867389678955078
0.02738666534423828
0.026854515075683594
0.02685689926147461
0.026922225952148438
0.02680826187133789
0.02705097198486328
0.02695465087890625
0.027320384979248047
0.026979923248291016
0.026925086975097656
0.027243852615356445
0.027022838592529297
0.027041196823120117
0.027050495147705078
0.027306556701660156
0.027416467666625977
0.02684783935546875
0.026998519897460938
0.026822566986083984
0.02707958221435547
0.026779890060424805
0.026790618896484375
0.027166366577148438
0.02684926986694336
0.02683424949645996
0.026856422424316406
0.026819705963134766
0.02682352066040039
0.02695775032043457
0.026776552200317383
0.027232646942138672
0.02688431739807129
0.02692556381225586
0.026857852935791016
0.02685260772705078
0.026960134506225586
0.02686452865600586
0.02722620964050293
0.026900053024291992
0.026853084564208984
0.026691675186157227
0.02673172950744629
0.026955604553222656
0.026793718338012695
0.0270841121673584
0.027324438095092773
0.026914119720458984
0.027013063430786133
0.02685093879699707
0.02689647674560547
0.0268862247467041
0.0268704891204834
0.027309417724609375
0.027026891708374023
0.028237104415893555
0.026823043823242188
0.026814699172973633
0.026814937591552734
0.026660919189453125
0.027180194854736328
0.02723526954650879
0.02684473991394043
0.026818275451660156
0.026847362518310547
0.02674388885498047
0.02680492401123047
0.026875972747802734
0.027303457260131836
0.026851177215576172
0.026956558227539062
0.026884794235229492
0.026820659637451172
0.02693462371826172
0.026820659637451172
0.02700042724609375
0.027345657348632812
0.02676558494567871
0.026642322540283203
0.02683258056640625
0.026735305786132812
0.02675795555114746
0.026710987091064453
0.02715754508972168
0.02673506736755371
0.026783466339111328
0.02679157257080078
0.026709556579589844
0.026844263076782227
0.026850461959838867
0.026905298233032227
0.027249574661254883
0.026773691177368164
0.02685856819152832
0.02684640884399414
0.026751279830932617
0.026816129684448242
0.026787281036376953
0.027165889739990234
0.026836633682250977
0.026780128479003906
0.02680230140686035
0.026900768280029297
0.026819229125976562
0.0268096923828125
0.026686668395996094
0.027407169342041016
0.026766538619995117
0.02679300308227539
0.02678966522216797
0.02670598030090332
0.0268557071685791
0.02670574188232422
0.027156829833984375
0.026842832565307617
0.02679920196533203
0.026790857315063477
0.02678370475769043
0.026836872100830078
0.026742935180664062
0.02664661407470703
0.02703404426574707
0.026730775833129883
0.0267031192779541
0.026659250259399414
0.026784181594848633
0.026597261428833008
0.026849746704101562
0.027171611785888672
0.026895761489868164
0.026726961135864258
0.026575326919555664
0.026681900024414062
0.02662062644958496
0.026661396026611328
0.026665687561035156
0.027067899703979492
0.02677774429321289
0.026670217514038086
0.026763439178466797
0.026691675186157227
0.026657819747924805
0.02669382095336914
0.027054786682128906
0.02672553062438965
0.026705265045166016
0.026815176010131836
0.026818275451660156
0.026729345321655273
0.026807785034179688
0.02670741081237793
0.027126073837280273
0.02672576904296875
0.026797056198120117
0.026642322540283203
0.026947021484375
0.026843547821044922
0.026810884475708008
0.02708578109741211
0.026739120483398438
0.026662349700927734
0.02676534652709961
0.026621580123901367
0.026743173599243164
0.02687549591064453
0.027254819869995117
0.02736973762512207
0.026923179626464844
0.026784896850585938
0.026621103286743164
0.026659488677978516
0.026708602905273438
0.02674126625061035
0.027185678482055664
0.026785850524902344
0.02679896354675293
0.026949644088745117
0.02673053741455078
0.026558876037597656
0.026674509048461914
0.026703834533691406
0.027147293090820312
0.026760101318359375
0.02677154541015625
0.027083635330200195
0.026836156845092773
0.02676677703857422
0.026730775833129883
0.02704787254333496
0.026729345321655273
0.026989221572875977
0.026771068572998047
0.026616334915161133
0.026772022247314453
0.02677464485168457
0.026760339736938477
0.02717137336730957
0.026702880859375
0.026782512664794922
0.026774883270263672
0.026769399642944336
0.026732444763183594
0.02687358856201172
0.027257442474365234
0.027710437774658203
0.02666497230529785
0.026718616485595703
0.02681255340576172
0.026807069778442383
0.02678394317626953
0.026686668395996094
0.027127742767333984
0.026778697967529297
0.026726484298706055
0.026788711547851562
0.026723861694335938
0.026661157608032227
0.026774168014526367
0.02725505828857422
0.02674698829650879
0.02676987648010254
0.026646852493286133
0.0267789363861084
0.02673482894897461
0.026597023010253906
0.026772737503051758
0.027102231979370117
0.02691650390625
0.02681589126586914
0.026851654052734375
0.02678513526916504
0.026790142059326172
0.026746273040771484
0.027199745178222656
0.026933670043945312
0.026858091354370117
0.026793479919433594
0.02683401107788086
0.02684617042541504
0.02689814567565918
0.026810407638549805
0.027204036712646484
0.02686762809753418
0.02679610252380371
0.026821374893188477
0.02680063247680664
0.026772737503051758
0.026802539825439453
0.027210235595703125
0.026770353317260742
0.026769161224365234
0.02675604820251465
0.026729106903076172
0.026753902435302734
0.02661728858947754
0.026952505111694336
0.02741694450378418
0.026674985885620117
0.026736736297607422
0.026728391647338867
0.026628971099853516
0.026654958724975586
0.026745319366455078
0.027164936065673828
0.02679133415222168
0.026688098907470703
0.026857852935791016
0.026784896850585938
0.026823997497558594
0.02673625946044922
0.026705026626586914
0.027170419692993164
0.02679133415222168
0.026835918426513672
0.026831388473510742
0.026784896850585938
0.026777982711791992
0.02666950225830078
0.02707672119140625
0.026813030242919922
0.02676224708557129
0.026740312576293945
0.026811838150024414
0.026798486709594727
0.026869535446166992
0.026710987091064453
0.027176618576049805
0.026850461959838867
0.026769399642944336
0.02683711051940918
0.026779890060424805
0.0268399715423584
0.026881694793701172
0.02709484100341797
0.026747465133666992
0.026564836502075195
0.026778459548950195
0.026796817779541016
0.02673792839050293
0.026824951171875
0.0269777774810791
0.027069091796875
0.026725053787231445
0.0267181396484375
0.0268247127532959
0.0267791748046875
0.026740312576293945
0.026751279830932617
0.027225971221923828
0.02668905258178711
0.026828289031982422
0.026752471923828125
0.02680802345275879
0.026816844940185547
0.02693462371826172
0.02714991569519043
0.02711319923400879
0.02670454978942871
0.026721954345703125
0.026873111724853516
0.026703834533691406
0.02669072151184082
0.02676105499267578
0.027179479598999023
0.02672433853149414
0.0267026424407959
0.026711702346801758
0.02666926383972168
0.026628494262695312
0.02681279182434082
0.026806116104125977
0.027082204818725586
0.02678680419921875
0.026764392852783203
0.02676701545715332
0.026681900024414062
0.026738405227661133
0.026682615280151367
0.02713298797607422
0.026651859283447266
0.026740312576293945
0.026731014251708984
0.02669811248779297
0.026788949966430664
0.026595354080200195
0.026866674423217773
0.027252674102783203
0.02676677703857422
0.026643037796020508
0.026738882064819336
0.02681422233581543
0.026850461959838867
0.026745080947875977
0.027024507522583008
0.026789426803588867
0.02678704261779785
0.026674985885620117
0.026645898818969727
0.0267791748046875
0.026755571365356445
0.026755094528198242
0.027078866958618164
0.026614904403686523
0.02672123908996582
0.026697397232055664
0.026671886444091797
0.026688337326049805
0.026732683181762695
0.02709031105041504
0.026772737503051758
0.027004003524780273
0.027127742767333984
0.026767969131469727
0.02676558494567871
0.02674102783203125
0.02666187286376953
0.027089357376098633
0.026671886444091797
0.0266571044921875
0.026759624481201172
0.026700496673583984
0.026695728302001953
0.026623249053955078
0.027055978775024414
0.026624441146850586
0.026656150817871094
0.02668142318725586
0.026718616485595703
0.02671527862548828
0.02678680419921875
0.028499126434326172
0.027223587036132812
0.026795387268066406
0.026781558990478516
0.026757001876831055
0.0267789363861084
0.026874780654907227
0.02683568000793457
0.02716684341430664
0.026660442352294922
0.026833534240722656
0.026683807373046875
0.026601076126098633
0.0266268253326416
0.02667069435119629
0.02660346031188965
0.026988983154296875
0.026741981506347656
0.0266721248626709
0.0266876220703125
0.02675604820251465
0.026712656021118164
0.026693105697631836
0.027050495147705078
0.026624202728271484
0.026643753051757812
0.026615381240844727
0.026654958724975586
0.026589393615722656
0.026631832122802734
0.026768207550048828
0.02705836296081543
0.02671217918395996
0.026781797409057617
0.026792049407958984
0.026778221130371094
0.02663707733154297
0.026677370071411133
0.027187347412109375
0.026737689971923828
0.02664661407470703
0.02664971351623535
0.026575803756713867
0.026711463928222656
0.026736736297607422
0.026953458786010742
0.027374982833862305
0.026655197143554688
0.02674555778503418
0.02657151222229004
0.026554346084594727
0.026627302169799805
0.026580333709716797
0.026933670043945312
0.026570796966552734
0.02663254737854004
0.026647567749023438
0.026850223541259766
0.026663780212402344
0.026553869247436523
0.02661919593811035
0.026944637298583984
0.026593923568725586
0.026609182357788086
0.026615619659423828
0.02665114402770996
0.02662372589111328
0.026647090911865234
0.027084827423095703
0.026640892028808594
0.026543617248535156
0.0266420841217041
0.026697635650634766
0.026657581329345703
0.02651667594909668
0.026628494262695312
0.02739858627319336
0.026669979095458984
0.02660059928894043
0.026801347732543945
0.02775096893310547
0.0267331600189209
0.026540040969848633
0.026955127716064453
0.026757478713989258
0.026754379272460938
0.026687145233154297
0.02670454978942871
0.02674555778503418
0.026610136032104492
0.026694297790527344
0.0270078182220459
0.026651620864868164
0.026643753051757812
0.026651382446289062
0.026744842529296875
0.026717662811279297
0.026561737060546875
0.02697896957397461
0.02660393714904785
0.02671527862548828
0.026552677154541016
0.02656269073486328
0.026659727096557617
0.026522397994995117
0.02659010887145996
0.02700972557067871
0.026743650436401367
0.026777267456054688
0.026751041412353516
0.027062177658081055
0.026601076126098633
0.028347253799438477
0.027025699615478516
0.026654958724975586
0.02664017677307129
0.02669811248779297
0.02669668197631836
0.026764631271362305
0.026694536209106445
0.026558399200439453
0.027149677276611328
0.026741981506347656
0.02669692039489746
0.026707172393798828
0.02664780616760254
0.026718616485595703
0.026655197143554688
0.027054309844970703
0.026703834533691406
0.02664923667907715
0.026702880859375
0.026640653610229492
0.026760578155517578
0.026604652404785156
0.02677154541015625
0.027364015579223633
0.026703596115112305
0.026728391647338867
0.02662205696105957
0.026613950729370117
0.026714563369750977
0.026611328125
0.0269930362701416
0.026719093322753906
0.026685714721679688
0.02665257453918457
0.026633262634277344
0.026622295379638672
0.026655912399291992
0.026581525802612305
0.02697896957397461
0.026828527450561523
0.026592016220092773
0.02669835090637207
0.026703596115112305
0.026566743850708008
0.026636123657226562
0.027132272720336914
0.02663564682006836
0.026687145233154297
0.02669382095336914
0.02658224105834961
0.026609420776367188
0.02657318115234375
0.026596784591674805
0.027188777923583984
0.026770353317260742
0.026673555374145508
0.026612520217895508
0.026650190353393555
0.026723146438598633
0.026790857315063477
0.027371644973754883
0.02682638168334961
0.026673555374145508
0.026570796966552734
0.026753664016723633
0.02662181854248047
0.02660059928894043
0.026719093322753906
0.027054786682128906
0.026589393615722656
0.026671409606933594
0.026648759841918945
0.026703357696533203
0.02662491798400879
0.02659916877746582
0.02698349952697754
0.026661157608032227
0.026723861694335938
0.026632070541381836
0.026637792587280273
0.026572227478027344
0.026595354080200195
0.026559114456176758
0.0269925594329834
0.026769161224365234
0.026621103286743164
0.02675151824951172
0.026684999465942383
0.026700496673583984
0.026741504669189453
0.027141094207763672
0.02663135528564453
0.026586532592773438
0.02657032012939453
0.026739120483398438
0.026596546173095703
0.02673172950744629
0.026745080947875977
0.0273740291595459
0.02693939208984375
0.02685832977294922
0.026793718338012695
0.02687859535217285
0.026922941207885742
0.026993274688720703
0.027233600616455078
0.026897430419921875
0.026906728744506836
0.027001619338989258
0.026798009872436523
0.02690744400024414
0.0280454158782959
0.02689814567565918
0.027356863021850586
0.026744365692138672
0.02690720558166504
0.02657794952392578
0.026723861694335938
0.026661157608032227
0.026760339736938477
0.02742481231689453
0.026810884475708008
0.026661157608032227
0.026535987854003906
0.026848316192626953
0.0269014835357666
0.026837825775146484
0.02687239646911621
0.027034521102905273
0.026890993118286133
0.02670884132385254
0.026703596115112305
0.026877641677856445
0.026755571365356445
0.026755809783935547
0.02722907066345215
0.027284860610961914
0.026859760284423828
0.026758909225463867
0.02693009376525879
0.027387380599975586
0.026947498321533203
0.026859760284423828
0.02764725685119629
0.026880502700805664
0.0269162654876709
0.026799440383911133
0.02691483497619629
0.027034759521484375
0.026972532272338867
0.027791500091552734
0.026956558227539062
0.026962995529174805
0.02689838409423828
0.02746438980102539
0.026732206344604492
0.027157068252563477
0.026926040649414062
0.02715015411376953
0.02666449546813965
0.026590585708618164
0.02696514129638672
0.026668310165405273
0.026733875274658203
0.026745080947875977
0.027387142181396484
0.026791095733642578
0.026775121688842773
0.02675604820251465
0.026926755905151367
0.0267026424407959
0.026851892471313477
0.027026891708374023
0.02729511260986328
0.026726245880126953
0.02675008773803711
0.026769161224365234
0.026782751083374023
0.026705265045166016
0.026679515838623047
0.028953075408935547
0.026826858520507812
0.027016401290893555
0.02680826187133789
0.02675032615661621
0.02685832977294922
0.02669215202331543
0.026902198791503906
0.027275562286376953
0.026788949966430664
0.02673053741455078
0.026910066604614258
0.026937484741210938
0.026868104934692383
0.026865482330322266
0.02707839012145996
0.026711463928222656
0.026650190353393555
0.026708364486694336
0.02667236328125
0.026804447174072266
0.026825428009033203
0.02693772315979004
0.02740955352783203
0.026716947555541992
0.026723623275756836
0.026897668838500977
0.02685379981994629
0.026777029037475586
0.026781797409057617
0.02722454071044922
0.02677178382873535
0.026732921600341797
0.026859521865844727
0.026829004287719727
0.027010679244995117
0.026833057403564453
0.026641845703125
0.027318239212036133
0.026857614517211914
0.026767969131469727
0.02689838409423828
0.026899337768554688
0.026874780654907227
0.026817798614501953
0.02716207504272461
0.02697587013244629
0.0268251895904541
0.026904582977294922
0.026740550994873047
0.02677178382873535
0.026629924774169922
0.027102947235107422
0.0271298885345459
0.026767492294311523
0.026886940002441406
0.026785612106323242
0.026743173599243164
0.026823043823242188
0.026855945587158203
0.027111530303955078
0.026695966720581055
0.026694536209106445
0.026673316955566406
0.026637792587280273
0.0268857479095459
0.02675485610961914
0.026731491088867188
0.027031660079956055
0.026789426803588867
0.026803970336914062
0.02687811851501465
0.026832103729248047
0.027294397354125977
0.0278470516204834
0.027301311492919922
0.026721715927124023
0.026724815368652344
0.027684688568115234
0.027118444442749023
0.026779890060424805
0.02704906463623047
0.02691340446472168
0.027295827865600586
0.026905298233032227
0.027016162872314453
0.026750802993774414
0.026660442352294922
0.02683544158935547
0.02689957618713379
0.027036666870117188
0.026731014251708984
0.02687692642211914
0.027252912521362305
0.02667522430419922
0.026692628860473633
0.026729345321655273
0.02692270278930664
0.026990175247192383
0.026685714721679688
0.027039527893066406
