0.031078100204467773
0.027785778045654297
0.027562379837036133
0.027327299118041992
0.02685070037841797
0.031854867935180664
0.020406246185302734
0.01873493194580078
0.01870274543762207
0.01871514320373535
0.018795490264892578
0.018779277801513672
0.018944501876831055
0.01891779899597168
0.018776416778564453
0.018839120864868164
0.01887655258178711
0.0186309814453125
0.019123315811157227
0.01915884017944336
0.018685340881347656
0.01867842674255371
0.018607139587402344
0.018703937530517578
0.01884913444519043
0.01880788803100586
0.01906299591064453
0.018807411193847656
0.018514156341552734
0.018617868423461914
0.01888871192932129
0.018660783767700195
0.018895864486694336
0.018752098083496094
0.0185854434967041
0.018890857696533203
0.018560409545898438
0.01869368553161621
0.019259214401245117
0.018591880798339844
0.01861429214477539
0.018652677536010742
0.01870250701904297
0.018628835678100586
0.018707752227783203
0.018885374069213867
0.018567323684692383
0.018548011779785156
0.018645048141479492
0.01852250099182129
0.018686532974243164
0.01896953582763672
0.018591880798339844
0.018551349639892578
0.018581390380859375
0.01857733726501465
0.018482685089111328
0.019028902053833008
0.019115924835205078
0.01862788200378418
0.018472909927368164
0.018667936325073242
0.018775463104248047
0.018640518188476562
0.01897883415222168
0.018637657165527344
0.018764019012451172
0.018565654754638672
0.0186312198638916
0.01873183250427246
0.01912665367126465
0.018634319305419922
0.018797874450683594
0.018635034561157227
0.0188753604888916
0.018709659576416016
0.018697023391723633
0.019222259521484375
0.018646717071533203
0.018676042556762695
0.018683195114135742
0.01853346824645996
0.018773317337036133
0.01923084259033203
0.018856287002563477
0.01859760284423828
0.0185699462890625
0.018739700317382812
0.01852703094482422
0.01871943473815918
0.01892852783203125
0.01871013641357422
0.01882314682006836
0.018557071685791016
0.01863265037536621
0.01857900619506836
0.01880359649658203
0.018537282943725586
0.018666744232177734
0.01860833168029785
0.018524646759033203
0.018773794174194336
0.018793344497680664
0.018497943878173828
0.018538236618041992
0.018486976623535156
0.018648147583007812
0.0185546875
0.018553972244262695
0.018932104110717773
0.018475770950317383
0.01843738555908203
0.018617868423461914
0.01873946189880371
0.018508434295654297
0.018794775009155273
0.0184781551361084
0.0187835693359375
0.018640518188476562
0.018554210662841797
0.018520832061767578
0.01846623420715332
0.019041776657104492
0.01857471466064453
0.018542766571044922
0.01852273941040039
0.018587112426757812
0.018527746200561523
0.01856064796447754
0.018901348114013672
0.01850271224975586
0.018496036529541016
0.018583059310913086
0.018669605255126953
0.018522024154663086
0.018522024154663086
0.01896524429321289
0.018524646759033203
0.018492460250854492
0.018502235412597656
0.018659591674804688
0.018523216247558594
0.018559932708740234
0.018867015838623047
0.01853013038635254
0.018569231033325195
0.018553972244262695
0.018535137176513672
0.018548250198364258
0.01870274543762207
0.01903080940246582
0.018634796142578125
0.01852703094482422
0.018523693084716797
0.018550634384155273
0.018426895141601562
0.018603086471557617
0.019072294235229492
0.018410921096801758
0.018492460250854492
0.01853322982788086
0.018559694290161133
0.018660783767700195
0.01857781410217285
0.01923394203186035
0.018505334854125977
0.01845693588256836
0.0185697078704834
0.0187532901763916
0.019051313400268555
0.01866769790649414
0.01896190643310547
0.01842808723449707
0.0185701847076416
0.018917322158813477
0.0186614990234375
0.018882036209106445
0.018491268157958984
0.019010305404663086
0.018929243087768555
0.018585920333862305
0.018695592880249023
0.018519163131713867
0.018507719039916992
0.01863241195678711
0.019103527069091797
0.018638134002685547
0.018546342849731445
0.018571138381958008
0.018819808959960938
0.018635988235473633
0.01858377456665039
0.01896500587463379
0.018761396408081055
0.018533706665039062
0.01848316192626953
0.01862621307373047
0.018584251403808594
0.018593549728393555
0.01894688606262207
0.018730640411376953
0.01860785484313965
0.01855015754699707
0.018674373626708984
0.018477439880371094
0.018956422805786133
0.01895928382873535
0.01846909523010254
0.01859569549560547
0.01857471466064453
0.018592119216918945
0.01857137680053711
0.01856398582458496
0.018846750259399414
0.018490076065063477
0.01859426498413086
0.018666744232177734
0.01864790916442871
0.018520355224609375
0.018905162811279297
0.01903247833251953
0.018506288528442383
0.018791675567626953
0.018583297729492188
0.018746137619018555
0.01866936683654785
0.018672943115234375
0.018980979919433594
0.01869678497314453
0.018697023391723633
0.018727540969848633
0.018725872039794922
0.018594741821289062
0.018599987030029297
0.01902031898498535
0.018644094467163086
0.018600940704345703
0.018606901168823242
0.018561601638793945
0.018616437911987305
0.018668174743652344
0.018930912017822266
0.018484115600585938
0.018518686294555664
0.01856541633605957
0.0185849666595459
0.01869344711303711
0.01860952377319336
0.019478559494018555
0.018613815307617188
0.018470048904418945
0.0185699462890625
0.01869511604309082
0.018606185913085938
0.018423795700073242
0.01884317398071289
0.018502473831176758
0.018462181091308594
0.018532514572143555
0.018524885177612305
0.01844954490661621
0.0185697078704834
0.018980741500854492
0.018565654754638672
0.018487930297851562
0.018523454666137695
0.018481969833374023
0.01844477653503418
0.018551349639892578
0.01892399787902832
0.018535614013671875
0.018571853637695312
0.018563270568847656
0.01850605010986328
0.018581151962280273
0.019510269165039062
0.019036054611206055
0.018618106842041016
0.018715620040893555
0.01865243911743164
0.01848888397216797
0.018764257431030273
0.01859116554260254
0.01909184455871582
0.018439292907714844
0.018718957901000977
0.018720388412475586
0.018512248992919922
0.01858067512512207
0.018467426300048828
0.018828153610229492
0.018507719039916992
0.01864337921142578
0.018533706665039062
0.01888585090637207
0.018459796905517578
0.018816471099853516
0.018877506256103516
0.018454551696777344
0.01858687400817871
0.01854085922241211
0.01849842071533203
0.01841902732849121
0.018536090850830078
0.0189511775970459
0.01855635643005371
0.018541336059570312
0.0187227725982666
0.0185701847076416
0.01877117156982422
0.01857781410217285
0.018901824951171875
0.018510818481445312
0.018620967864990234
0.01842498779296875
0.018518924713134766
0.018537044525146484
0.018563508987426758
0.018797874450683594
0.01840949058532715
0.018549203872680664
0.018542051315307617
0.0186007022857666
0.018457889556884766
0.01850295066833496
0.018845081329345703
0.018491506576538086
0.018515586853027344
0.0186614990234375
0.018505096435546875
0.018483400344848633
0.01858806610107422
0.01938486099243164
0.018448352813720703
0.018409013748168945
0.018431663513183594
0.018451690673828125
0.01862788200378418
0.01847553253173828
0.018817424774169922
0.018482446670532227
0.018465518951416016
0.018404722213745117
0.018506765365600586
0.018398046493530273
0.01849675178527832
0.01883840560913086
0.01844310760498047
0.018395185470581055
0.018452882766723633
0.018369197845458984
0.018439292907714844
0.01848745346069336
0.01849532127380371
0.01888442039489746
0.018426895141601562
0.018425703048706055
0.018466711044311523
0.01847982406616211
0.018535137176513672
0.01853036880493164
0.018819570541381836
0.01842641830444336
0.018416881561279297
0.018475055694580078
0.018367290496826172
0.01846027374267578
0.01841449737548828
0.01887369155883789
0.018398523330688477
0.018460512161254883
0.018585205078125
0.018420934677124023
0.018394947052001953
0.01847052574157715
0.018466949462890625
0.018880844116210938
0.018419981002807617
0.018409252166748047
0.018484830856323242
0.0185089111328125
0.018452167510986328
0.018477439880371094
0.018745899200439453
0.01854729652404785
0.01848459243774414
0.018487215042114258
0.018604516983032227
0.018427371978759766
0.01848125457763672
0.018650054931640625
0.01879286766052246
0.01851058006286621
0.018514156341552734
0.018548250198364258
0.01836681365966797
0.018734455108642578
0.018585205078125
0.018556833267211914
0.018509864807128906
0.018479108810424805
0.018594026565551758
0.01849079132080078
0.018537521362304688
0.01886153221130371
0.018408775329589844
0.018507003784179688
0.018461942672729492
0.0184175968170166
0.018545150756835938
0.018423080444335938
0.0190122127532959
0.01863265037536621
0.018573522567749023
0.018472909927368164
0.018587589263916016
0.018563270568847656
0.018440723419189453
0.018642902374267578
0.019151687622070312
0.018500804901123047
0.018459796905517578
0.018383026123046875
0.018468618392944336
0.01846170425415039
0.01844191551208496
0.019011497497558594
0.0183713436126709
0.018442869186401367
0.018459320068359375
0.01850414276123047
0.018436670303344727
0.018392324447631836
0.018419981002807617
0.01871657371520996
0.018474340438842773
0.01840066909790039
0.018517732620239258
0.018412351608276367
0.018362045288085938
0.01845407485961914
0.01878523826599121
0.01845860481262207
0.01854419708251953
0.01854705810546875
0.01835179328918457
0.018509387969970703
0.01855945587158203
0.018484830856323242
0.01881861686706543
0.018391847610473633
0.01840829849243164
0.018851518630981445
0.018491744995117188
0.01852893829345703
0.018479108810424805
0.018805503845214844
0.018486499786376953
0.018459796905517578
0.018465280532836914
0.018471240997314453
0.018507719039916992
0.0183866024017334
0.018466472625732422
0.018925189971923828
0.01838207244873047
0.01841139793395996
0.01843738555908203
0.01850152015686035
0.018603086471557617
0.018442153930664062
0.018846511840820312
0.0183870792388916
0.018428564071655273
0.0184633731842041
0.01840066909790039
0.0184023380279541
0.018566370010375977
0.018474102020263672
0.018732547760009766
0.01848626136779785
0.01851654052734375
0.018421649932861328
0.018479108810424805
0.018372297286987305
0.018583059310913086
0.018822193145751953
0.018386125564575195
0.01854562759399414
0.01850581169128418
0.01839733123779297
0.018409013748168945
0.018429040908813477
0.0184326171875
0.018811464309692383
0.01847100257873535
0.01849985122680664
0.01851630210876465
0.01843428611755371
0.018553495407104492
0.0185849666595459
0.018871307373046875
0.018481016159057617
0.018508195877075195
0.01848316192626953
0.018518686294555664
0.01853346824645996
0.018450498580932617
0.018599748611450195
0.01906585693359375
0.0183868408203125
0.018410682678222656
0.018419265747070312
0.018355369567871094
0.01844000816345215
0.018434762954711914
0.018772602081298828
0.018484830856323242
0.018435239791870117
0.018600940704345703
0.01844644546508789
0.018380165100097656
0.018450260162353516
0.018441200256347656
0.01885199546813965
0.01846146583557129
0.018476009368896484
0.01840829849243164
0.018400192260742188
0.01845383644104004
0.018474578857421875
0.01884603500366211
0.018407821655273438
0.018505096435546875
0.018404722213745117
0.018506526947021484
0.018586158752441406
0.018421173095703125
0.018539905548095703
0.01880788803100586
0.018656253814697266
0.018391847610473633
0.01840496063232422
0.01841282844543457
0.018434762954711914
0.01852726936340332
0.018800020217895508
0.018448352813720703
0.018491744995117188
0.018441200256347656
0.018399715423583984
0.018399477005004883
0.01846170425415039
0.018452167510986328
0.018800973892211914
0.01859450340270996
0.01842474937438965
0.01837301254272461
0.01855611801147461
0.018505334854125977
0.018402576446533203
0.01893019676208496
0.01849508285522461
0.018459558486938477
0.018469572067260742
0.018492937088012695
0.018427133560180664
0.018428564071655273
0.018466949462890625
0.01890277862548828
0.018456697463989258
0.018409252166748047
0.018477201461791992
0.018547534942626953
0.018437623977661133
0.018488168716430664
0.018806934356689453
0.018402814865112305
0.018459320068359375
0.018439292907714844
0.018442630767822266
0.01836848258972168
0.0183870792388916
0.018441200256347656
0.018797874450683594
0.018439531326293945
0.01845836639404297
0.018564701080322266
0.018439531326293945
0.018458127975463867
0.01844954490661621
0.01883244514465332
0.018391847610473633
0.01859569549560547
0.0184934139251709
0.018532276153564453
0.018447399139404297
0.01851797103881836
0.01855611801147461
0.01889824867248535
0.018448591232299805
0.01839280128479004
0.018343687057495117
0.01855921745300293
0.018425941467285156
0.01847100257873535
0.018796443939208984
0.018509864807128906
0.01844167709350586
0.018528461456298828
0.018411636352539062
0.018439769744873047
0.01852869987487793
0.018480777740478516
0.018734216690063477
0.01844930648803711
0.018503904342651367
0.01839756965637207
0.01844620704650879
0.01839447021484375
0.018401622772216797
0.018715620040893555
0.018418312072753906
0.018475770950317383
0.018436908721923828
0.018374204635620117
0.018476486206054688
0.01845073699951172
0.01850414276123047
0.018833637237548828
0.018537282943725586
0.018513917922973633
0.018473386764526367
0.01839613914489746
0.018544673919677734
0.018459320068359375
0.018799543380737305
0.018435001373291016
0.018410921096801758
0.018492460250854492
0.018526077270507812
0.018388748168945312
0.018544435501098633
0.018397808074951172
0.018852949142456055
0.01846933364868164
0.018584012985229492
0.018543481826782227
0.01844644546508789
0.018549680709838867
0.018579483032226562
0.018975257873535156
0.018462419509887695
0.018530607223510742
0.01867532730102539
0.018581867218017578
0.018459320068359375
0.0186154842376709
0.018360137939453125
0.019064903259277344
0.018795490264892578
0.01858997344970703
0.01882004737854004
0.018585681915283203
0.01846456527709961
0.0186312198638916
0.018988609313964844
0.0186004638671875
0.019298553466796875
0.018544673919677734
0.018610000610351562
0.018511056900024414
0.018627643585205078
0.01862311363220215
0.0187685489654541
0.018445730209350586
0.018628835678100586
0.018398761749267578
0.018477201461791992
0.018489837646484375
0.018517017364501953
0.019064664840698242
0.01865696907043457
0.018477201461791992
0.018594980239868164
0.018469572067260742
0.01878809928894043
0.018488168716430664
0.018527746200561523
0.0191190242767334
0.02020406723022461
0.018453598022460938
0.018489837646484375
0.018352746963500977
0.018481969833374023
0.018450021743774414
0.01869368553161621
0.018529891967773438
0.018483877182006836
0.018488168716430664
0.018667936325073242
0.018520593643188477
0.018376827239990234
0.018543004989624023
0.018953800201416016
0.018384933471679688
0.01864457130432129
0.018430709838867188
0.018390655517578125
0.018447160720825195
0.01850104331970215
0.018743276596069336
0.018668174743652344
0.018477201461791992
0.018712520599365234
0.01840829849243164
0.01851058006286621
0.01864790916442871
0.018558502197265625
0.01900339126586914
0.018477439880371094
0.018491744995117188
0.01834273338317871
0.01854538917541504
0.018465518951416016
0.018302440643310547
0.018770933151245117
0.018474340438842773
0.01839923858642578
0.01838064193725586
0.018425941467285156
0.018387317657470703
0.018496274948120117
0.018441438674926758
0.018865585327148438
0.018555164337158203
0.018486738204956055
0.018580198287963867
0.01834702491760254
0.0187227725982666
0.01855158805847168
0.018958330154418945
0.01842474937438965
0.018434524536132812
0.018463850021362305
0.018408536911010742
0.018512964248657227
0.018405437469482422
0.018464088439941406
0.018939733505249023
0.01840662956237793
0.0183870792388916
0.018515348434448242
0.018453121185302734
0.018490314483642578
0.018499374389648438
0.01877593994140625
0.018433094024658203
0.018492460250854492
0.018502473831176758
0.018388032913208008
0.0185091495513916
0.018386363983154297
0.01851034164428711
0.01877427101135254
0.018511533737182617
0.01848602294921875
0.018503904342651367
0.01851177215576172
0.01845693588256836
0.018567800521850586
0.01885247230529785
0.018444061279296875
0.018487215042114258
0.018529891967773438
0.018371105194091797
0.0184481143951416
0.018456697463989258
0.018592119216918945
0.019008159637451172
0.01855158805847168
0.018387556076049805
0.018469572067260742
0.018468141555786133
0.01841259002685547
0.018512487411499023
0.01874995231628418
0.018392324447631836
0.018526554107666016
0.018400907516479492
0.01839137077331543
0.01845407485961914
0.018871545791625977
0.018427371978759766
0.01841568946838379
0.01846170425415039
0.018413066864013672
0.018468141555786133
0.01837778091430664
0.01885080337524414
0.018572330474853516
0.018392562866210938
0.018524169921875
0.01844620704650879
0.0183718204498291
0.01839470863342285
0.01856255531311035
0.018814802169799805
0.0186307430267334
0.018407344818115234
0.018367767333984375
0.018428325653076172
0.01839756965637207
0.018484830856323242
0.018839120864868164
0.018452167510986328
0.01848626136779785
0.018496990203857422
0.018455028533935547
0.018444299697875977
0.018557310104370117
0.018477916717529297
0.018906831741333008
0.018488645553588867
0.01853632926940918
0.01849055290222168
0.018436193466186523
0.018883705139160156
0.018481016159057617
0.018846750259399414
0.01840519905090332
0.01854848861694336
0.01849198341369629
0.01854109764099121
0.018533945083618164
0.01852250099182129
0.018341541290283203
0.018848657608032227
0.01847243309020996
0.01852893829345703
0.01841902732849121
0.0184633731842041
0.01853489875793457
0.018596172332763672
0.01873946189880371
0.018440961837768555
0.018492460250854492
0.01844048500061035
0.018503189086914062
0.018454313278198242
0.01845407485961914
0.01842784881591797
0.01879715919494629
0.018384933471679688
0.018477439880371094
0.0184323787689209
0.018564939498901367
0.01848912239074707
0.01845526695251465
0.01896953582763672
0.018534421920776367
0.01840829849243164
0.018465042114257812
0.018529415130615234
0.018550872802734375
0.018541336059570312
0.01867365837097168
0.019185543060302734
0.018496274948120117
0.018553733825683594
0.01857471466064453
0.018563032150268555
0.0184478759765625
0.018427371978759766
0.01889514923095703
0.01848292350769043
0.01851630210876465
0.018552780151367188
0.018593788146972656
0.018465042114257812
0.018549442291259766
0.018536090850830078
0.018886089324951172
0.018633127212524414
0.01853156089782715
0.018518447875976562
0.01846933364868164
0.018537521362304688
0.018689632415771484
0.01892256736755371
0.018517017364501953
0.01862335205078125
0.018481731414794922
0.01856684684753418
0.018483400344848633
0.018530607223510742
0.01846790313720703
0.018909692764282227
0.018567323684692383
0.01847982406616211
0.018523454666137695
0.018486976623535156
0.01847243309020996
0.01857757568359375
0.01895427703857422
0.018501758575439453
0.018526554107666016
0.018539905548095703
0.01847982406616211
0.01862335205078125
0.018556594848632812
0.018470287322998047
0.018846750259399414
0.018637895584106445
0.018524885177612305
0.01845836639404297
0.01854085922241211
0.018446922302246094
0.01842355728149414
0.01885223388671875
0.018500089645385742
0.018537044525146484
0.01849961280822754
0.018519163131713867
0.018648386001586914
0.018493175506591797
0.01858210563659668
0.018967151641845703
0.01848006248474121
0.018512964248657227
0.018555402755737305
0.01854729652404785
0.01863837242126465
0.01851963996887207
0.018819808959960938
0.01857900619506836
0.018499374389648438
0.018469572067260742
0.018516063690185547
0.01843857765197754
0.01849842071533203
0.018419265747070312
0.018874645233154297
0.018487930297851562
0.018629789352416992
0.01848745346069336
0.018490076065063477
0.01857280731201172
0.018496990203857422
0.0189211368560791
0.01851367950439453
0.018488407135009766
0.018550872802734375
0.018430233001708984
0.0184478759765625
0.018477916717529297
0.018596410751342773
0.019043922424316406
0.018550872802734375
0.018518447875976562
0.01848578453063965
0.018422842025756836
0.018470048904418945
0.01841449737548828
0.018842458724975586
0.018474817276000977
0.018457412719726562
0.018470287322998047
0.018503665924072266
0.01847076416015625
0.018499374389648438
0.018446922302246094
0.018875598907470703
0.01846623420715332
0.01833510398864746
0.018509626388549805
0.018523454666137695
0.018608570098876953
0.01852703094482422
0.01885700225830078
0.01844477653503418
0.018610477447509766
0.01848292350769043
0.018544673919677734
0.01851677894592285
0.018525362014770508
0.018409252166748047
0.018862247467041016
0.018519163131713867
0.018433809280395508
0.018506288528442383
0.018441200256347656
0.01854872703552246
0.01849055290222168
0.01888728141784668
0.018408775329589844
0.018523454666137695
0.018381834030151367
0.01852130889892578
0.01853156089782715
0.018451452255249023
0.018518447875976562
0.01880788803100586
0.018427133560180664
0.018540143966674805
0.018457651138305664
0.018494606018066406
0.018460750579833984
0.018495798110961914
0.018823623657226562
0.01849222183227539
0.018408775329589844
0.018538236618041992
0.018448352813720703
0.01846456527709961
0.018548250198364258
0.01851034164428711
0.018891334533691406
0.01848316192626953
0.018533945083618164
0.018365859985351562
0.018564939498901367
0.018424510955810547
0.018480300903320312
0.01878952980041504
0.018472909927368164
0.018413305282592773
0.01847052574157715
0.018486738204956055
0.018420934677124023
0.018546581268310547
0.018406391143798828
0.018951892852783203
0.018495798110961914
0.018445730209350586
0.018518924713134766
0.01831793785095215
0.01842498779296875
0.0184478759765625
0.018851041793823242
0.018428325653076172
0.018518447875976562
0.018543720245361328
0.018643856048583984
0.0185697078704834
0.018577098846435547
0.018628835678100586
0.01903367042541504
0.01846456527709961
0.01844501495361328
0.01840662956237793
0.018381118774414062
0.018413305282592773
0.018425464630126953
0.0188448429107666
0.018625974655151367
0.018357276916503906
0.01848435401916504
0.0185089111328125
0.018436908721923828
0.018429994583129883
0.018542766571044922
0.019318580627441406
0.01852130889892578
0.018580913543701172
0.01846909523010254
0.018421649932861328
0.01850152015686035
0.018449068069458008
0.018811702728271484
0.018518447875976562
0.01840496063232422
0.018463850021362305
0.01839923858642578
0.018602609634399414
0.018468856811523438
0.018425941467285156
0.018768787384033203
0.018459558486938477
0.018416643142700195
0.018513202667236328
0.018487215042114258
0.01846623420715332
0.01842021942138672
0.01889324188232422
0.018497228622436523
0.018485546112060547
0.018476486206054688
0.018368244171142578
0.01851820945739746
0.0229034423828125
0.01904129981994629
0.01882004737854004
0.01847386360168457
0.018509626388549805
0.018477678298950195
0.018413066864013672
0.01849222183227539
0.01835918426513672
0.018857717514038086
0.018454313278198242
0.018472671508789062
0.018486738204956055
0.018543720245361328
0.018467426300048828
0.01851034164428711
0.018552780151367188
0.018868446350097656
0.018471479415893555
0.01853656768798828
0.018410682678222656
0.018388748168945312
0.0185697078704834
0.018523216247558594
0.018754243850708008
0.018575668334960938
0.0184628963470459
0.01844954490661621
0.018448352813720703
0.018361568450927734
0.018484830856323242
0.01842498779296875
0.01880049705505371
0.018665075302124023
0.01850152015686035
0.018518924713134766
0.01842808723449707
0.018474102020263672
0.018491506576538086
0.01885676383972168
0.018613576889038086
0.0185086727142334
0.018502473831176758
0.018390655517578125
0.01842665672302246
0.018487215042114258
0.0186920166015625
0.01899409294128418
0.01844954490661621
0.018378734588623047
0.018393516540527344
0.018608570098876953
0.018409013748168945
0.01854681968688965
0.01878952980041504
0.018392324447631836
0.018455982208251953
0.018497228622436523
0.01834845542907715
0.01841139793395996
0.0184323787689209
0.01840686798095703
0.01884174346923828
0.018500089645385742
0.018455982208251953
0.018387794494628906
0.01839733123779297
0.01851034164428711
0.01843857765197754
0.018843650817871094
0.018519163131713867
0.01839590072631836
0.018473148345947266
0.018552303314208984
0.01847553253173828
0.018607139587402344
0.018433809280395508
0.01880812644958496
0.018456220626831055
0.018744468688964844
0.01917099952697754
0.018634319305419922
0.018506765365600586
0.018460750579833984
0.018744945526123047
0.018453121185302734
0.018588542938232422
0.01843857765197754
0.018477439880371094
0.018541336059570312
0.018421411514282227
0.01846003532409668
0.018870115280151367
0.018436670303344727
0.01844310760498047
0.01845574378967285
0.01839280128479004
0.018866539001464844
0.018471240997314453
0.018540382385253906
0.01843738555908203
0.01844644546508789
0.01843094825744629
0.018735885620117188
0.018419265747070312
0.02657485008239746
0.0263364315032959
0.01885843276977539
0.018492698669433594
0.01849651336669922
0.01849818229675293
0.018563508987426758
0.01887822151184082
0.01847219467163086
0.01853322982788086
0.018550395965576172
0.01849365234375
0.018453598022460938
0.018522262573242188
0.01852583885192871
0.018889188766479492
0.018412351608276367
0.018488168716430664
0.018496036529541016
0.018495559692382812
0.01842784881591797
0.018483638763427734
0.018932104110717773
0.01848316192626953
0.01851654052734375
0.01848459243774414
0.01851630210876465
0.01857137680053711
0.018367528915405273
0.01863694190979004
0.019119977951049805
0.01845836639404297
0.01859593391418457
0.01842951774597168
0.01842665672302246
0.01851654052734375
0.018505573272705078
0.018872737884521484
0.018498897552490234
0.018414020538330078
0.018477439880371094
0.018450260162353516
0.018422842025756836
0.018508434295654297
0.018399477005004883
0.018773794174194336
0.018529415130615234
0.018427610397338867
0.01838994026184082
0.018401384353637695
0.018485546112060547
0.01840353012084961
0.018922090530395508
0.018488645553588867
0.018491029739379883
0.01850152015686035
0.018440961837768555
0.018449068069458008
0.018465280532836914
0.018398523330688477
0.01869797706604004
0.018430233001708984
0.018483400344848633
0.018454313278198242
0.018473386764526367
0.018401145935058594
0.018431901931762695
0.0187990665435791
0.018448591232299805
0.018486738204956055
0.018343210220336914
0.01851654052734375
0.018535852432250977
0.01836252212524414
0.01838994026184082
0.018841028213500977
0.01843571662902832
0.018506526947021484
0.018481016159057617
0.01844501495361328
0.018465042114257812
0.018344402313232422
0.018809795379638672
0.018470048904418945
0.01839923858642578
0.018513917922973633
0.018454313278198242
0.018550395965576172
0.018524169921875
0.01862192153930664
0.01881575584411621
0.0184481143951416
0.018344402313232422
0.018538713455200195
0.01844644546508789
0.018488407135009766
0.018457651138305664
0.01881098747253418
0.018449068069458008
0.018454551696777344
0.01846146583557129
0.018504619598388672
0.018618345260620117
0.01841878890991211
0.018455982208251953
0.018766164779663086
0.01851654052734375
0.018524646759033203
0.018499374389648438
0.018487930297851562
0.0184783935546875
0.018563508987426758
0.018847227096557617
0.018633604049682617
0.018492460250854492
0.01856398582458496
0.0185396671295166
0.018521547317504883
0.01849508285522461
0.01865863800048828
0.019106388092041016
0.01837754249572754
0.018500089645385742
0.018572568893432617
0.01839733123779297
0.018488407135009766
0.018342018127441406
0.018726587295532227
0.018387317657470703
0.018445730209350586
0.01839923858642578
0.018471240997314453
0.01838850975036621
0.01850271224975586
0.018387556076049805
0.01888871192932129
0.018403291702270508
0.018380403518676758
0.018432140350341797
0.01839733123779297
0.01837778091430664
0.01845264434814453
0.018915414810180664
0.01838374137878418
0.018443822860717773
0.018570899963378906
0.01840066909790039
0.018367767333984375
0.018406391143798828
0.018526554107666016
0.018845319747924805
0.018434762954711914
0.018452882766723633
0.018470287322998047
0.018389225006103516
0.018413066864013672
0.01847386360168457
0.01879119873046875
0.018448591232299805
0.018501758575439453
0.018457651138305664
0.01845574378967285
0.0184781551361084
0.01844620704650879
0.018551349639892578
0.0187838077545166
0.018435955047607422
0.018873929977416992
0.018331527709960938
0.018452167510986328
0.01841282844543457
0.018445730209350586
0.01871776580810547
0.0184783935546875
0.01844477653503418
0.018486738204956055
0.018470048904418945
0.018459081649780273
0.01850152015686035
0.018490076065063477
0.01880192756652832
0.018532276153564453
0.018435001373291016
0.01851177215576172
0.01842808723449707
0.0184175968170166
0.018410205841064453
0.018735885620117188
0.018484830856323242
0.018485069274902344
0.018375635147094727
0.01845550537109375
0.018510818481445312
0.018408775329589844
0.0185091495513916
0.018888235092163086
0.01841282844543457
0.018424510955810547
0.018423795700073242
0.018582582473754883
0.0184781551361084
0.018402814865112305
0.01883673667907715
0.0184633731842041
0.018459796905517578
0.018448352813720703
0.01847529411315918
0.018471956253051758
0.01840519905090332
0.018503427505493164
0.01908087730407715
0.018457889556884766
0.01844334602355957
0.018463850021362305
0.018397092819213867
0.01849222183227539
0.01844310760498047
0.018854856491088867
0.018393278121948242
0.01853632926940918
0.018528223037719727
0.018375158309936523
0.018532991409301758
0.018477678298950195
0.018446683883666992
0.018769502639770508
0.018477201461791992
0.01838850975036621
0.018440961837768555
0.018378257751464844
0.018456697463989258
0.018497228622436523
0.018743515014648438
0.018663406372070312
0.018570661544799805
0.018463850021362305
0.018396615982055664
0.0185091495513916
0.018381357192993164
0.018401622772216797
0.018945693969726562
0.01844000816345215
0.018479108810424805
0.018440961837768555
0.01841592788696289
0.018494844436645508
0.018422603607177734
0.01888251304626465
0.018471479415893555
0.018456220626831055
0.01843428611755371
0.01846456527709961
0.018489360809326172
0.018427371978759766
0.018415212631225586
0.018815279006958008
0.01838517189025879
0.01841139793395996
0.018512248992919922
0.018405914306640625
0.018433332443237305
0.018519878387451172
0.018871784210205078
0.018447160720825195
0.018437623977661133
0.018460988998413086
0.01846790313720703
0.018674135208129883
0.018459320068359375
0.018430471420288086
0.018879413604736328
0.018490314483642578
0.01852703094482422
0.018473148345947266
0.01847100257873535
0.0185396671295166
0.018449068069458008
0.01896190643310547
0.018441200256347656
0.018436193466186523
0.018468379974365234
0.018474340438842773
0.01849198341369629
0.018476247787475586
0.01848578453063965
0.018788814544677734
0.01851367950439453
0.018442392349243164
0.01844310760498047
0.018454313278198242
0.01842975616455078
0.018466711044311523
0.018738746643066406
0.0186002254486084
0.0184476375579834
0.018598079681396484
0.018498897552490234
0.0184478759765625
0.018582820892333984
0.01856541633605957
0.019098758697509766
0.018509864807128906
0.01852726936340332
0.01839900016784668
0.018476009368896484
0.018381118774414062
0.018444538116455078
0.018879413604736328
0.01845550537109375
0.01881122589111328
0.018808841705322266
0.018409252166748047
0.0184938907623291
0.018650531768798828
0.018476247787475586
0.019146203994750977
0.018492937088012695
0.018587589263916016
0.01861119270324707
0.018512487411499023
0.018780231475830078
0.018487930297851562
0.019073963165283203
0.01842951774597168
0.018500566482543945
0.018634796142578125
0.01846599578857422
0.018529415130615234
0.01868414878845215
0.01862502098083496
0.018869400024414062
0.018545150756835938
0.018418550491333008
0.01847076416015625
0.01841902732849121
0.01839160919189453
0.018630266189575195
0.01875448226928711
0.01838231086730957
0.01849508285522461
0.01855635643005371
0.018575191497802734
0.018510818481445312
0.018533706665039062
0.018495559692382812
0.018935203552246094
0.0184018611907959
0.018641233444213867
0.018433332443237305
0.018607378005981445
0.018440961837768555
0.01849365234375
0.0189361572265625
0.01851034164428711
0.01844334602355957
0.018460750579833984
0.018506288528442383
0.018517017364501953
0.018390417098999023
0.018486976623535156
0.01884746551513672
0.018562793731689453
0.018468856811523438
0.01877737045288086
0.018624067306518555
0.018916845321655273
0.01851820945739746
0.019100189208984375
0.01856541633605957
0.01855611801147461
0.018559694290161133
0.018660306930541992
0.01863241195678711
0.01837921142578125
0.018649816513061523
0.01891350746154785
0.018810272216796875
0.018433094024658203
0.01858210563659668
0.01912665367126465
0.018583059310913086
0.018751144409179688
0.01886129379272461
0.018410921096801758
0.018597841262817383
0.01840972900390625
0.01875448226928711
0.018871784210205078
0.019016504287719727
0.018460512161254883
0.018860578536987305
0.018464326858520508
0.018628597259521484
0.01842641830444336
0.01852107048034668
0.018848419189453125
0.01854705810546875
0.018599510192871094
0.0186922550201416
0.01845240592956543
0.01863884925842285
0.0188143253326416
0.018457889556884766
0.019073009490966797
0.018461942672729492
0.01856708526611328
0.018674135208129883
0.018570423126220703
0.018705129623413086
0.018582582473754883
0.019075870513916016
0.018556833267211914
0.018662452697753906
0.018451452255249023
0.01863574981689453
0.018426895141601562
0.018555641174316406
0.018563270568847656
0.018789052963256836
0.018604755401611328
0.018514633178710938
0.018475055694580078
0.018603801727294922
0.018599271774291992
0.01862645149230957
0.018769502639770508
0.018430471420288086
0.01852273941040039
0.018825054168701172
0.01852583885192871
0.018508434295654297
0.018538236618041992
0.01852893829345703
0.018911361694335938
0.018694639205932617
0.01848125457763672
0.01867222785949707
0.01851058006286621
0.018440723419189453
0.018726348876953125
0.018815279006958008
0.018471956253051758
0.01848745346069336
0.018458843231201172
0.018577098846435547
0.018484115600585938
0.0187380313873291
0.01847672462463379
0.01892852783203125
0.018486499786376953
0.018624544143676758
0.018500566482543945
0.018604516983032227
0.018489360809326172
0.018497705459594727
0.018981456756591797
0.0186307430267334
0.018579959869384766
0.018574237823486328
0.018439531326293945
0.018521547317504883
0.018454313278198242
0.01846790313720703
0.018987178802490234
0.018742799758911133
0.018506288528442383
0.0185544490814209
0.01855945587158203
0.01854395866394043
0.01858830451965332
0.018964767456054688
0.01843857765197754
0.018563270568847656
0.018621206283569336
0.0185854434967041
0.01864480972290039
0.018587350845336914
0.018609046936035156
0.019031047821044922
0.01847696304321289
0.019014835357666016
0.018474102020263672
0.01847219467163086
0.018453121185302734
0.018409252166748047
0.019204378128051758
0.018614530563354492
0.01845526695251465
0.0185089111328125
0.01842212677001953
0.018505096435546875
0.01872992515563965
0.018537044525146484
0.0189058780670166
0.01859569549560547
0.018433809280395508
0.018378496170043945
0.018770456314086914
0.018413782119750977
0.01841115951538086
0.01880168914794922
0.018468618392944336
0.018384695053100586
0.018584251403808594
0.01850438117980957
0.01847052574157715
0.018362998962402344
0.018471717834472656
0.018787622451782227
0.018461942672729492
0.01839613914489746
0.018497467041015625
0.018418073654174805
0.0184326171875
0.018507719039916992
0.018898725509643555
0.01853632926940918
0.018504858016967773
0.01846766471862793
0.0186917781829834
0.01842641830444336
0.01844167709350586
0.018433809280395508
0.018742799758911133
0.018720388412475586
0.018612384796142578
0.018454790115356445
0.018471956253051758
0.0184328556060791
0.01854991912841797
0.018857955932617188
0.01840519905090332
0.01840662956237793
0.01846170425415039
0.018589496612548828
0.018561840057373047
0.018598318099975586
0.018527984619140625
0.018943071365356445
0.018890857696533203
0.018581867218017578
0.018565654754638672
0.018470287322998047
0.0186007022857666
0.018427133560180664
0.01903676986694336
0.018684864044189453
0.018399953842163086
0.018517494201660156
0.018414020538330078
0.018650293350219727
0.0185394287109375
0.018599510192871094
0.018861770629882812
0.018486738204956055
0.018513202667236328
0.018622159957885742
0.018835067749023438
0.0185697078704834
0.018563270568847656
0.018792152404785156
0.018500804901123047
0.018384695053100586
0.01852893829345703
0.018467426300048828
0.01857924461364746
0.018870115280151367
0.018632173538208008
0.019152164459228516
0.01848888397216797
0.018475055694580078
0.018439054489135742
0.01871800422668457
0.018407106399536133
0.018419742584228516
0.0187835693359375
0.018486738204956055
0.0183868408203125
0.01846480369567871
0.018413066864013672
0.018483638763427734
0.018529891967773438
0.018383502960205078
0.018918275833129883
0.018737316131591797
0.018393516540527344
0.018627643585205078
0.018504858016967773
0.018527984619140625
0.018362045288085938
0.018992185592651367
0.018404483795166016
0.018512725830078125
0.01843118667602539
0.01856231689453125
0.018561124801635742
0.018742799758911133
0.01840829849243164
0.01882624626159668
0.01861572265625
0.01839280128479004
0.01846146583557129
0.018426179885864258
0.018418550491333008
0.018480539321899414
0.0187835693359375
0.01849079132080078
0.018501996994018555
0.01845240592956543
0.018536806106567383
0.01856064796447754
0.01851511001586914
0.018467187881469727
0.01877117156982422
0.018475055694580078
0.018541574478149414
0.018456459045410156
0.01868414878845215
0.01857280731201172
0.01842355728149414
0.01904296875
0.018524885177612305
0.018459320068359375
0.01851034164428711
0.018468379974365234
0.01847553253173828
0.018487215042114258
0.01861119270324707
0.018758058547973633
0.018445730209350586
0.01849222183227539
0.018439531326293945
0.01849675178527832
0.018514156341552734
0.01852107048034668
0.01896071434020996
0.018489360809326172
0.01848769187927246
0.01848316192626953
0.018409252166748047
0.01851820945739746
0.018501758575439453
0.018449068069458008
0.018930435180664062
0.01864767074584961
0.01850748062133789
0.018475770950317383
0.0185544490814209
0.0183718204498291
0.018468618392944336
0.0189211368560791
0.018511056900024414
0.018471479415893555
0.018527746200561523
0.018450021743774414
0.018568754196166992
0.018511295318603516
0.0187075138092041
0.01903247833251953
0.0185849666595459
0.01848292350769043
0.018494606018066406
0.018463611602783203
0.018475770950317383
0.018499135971069336
0.018862485885620117
0.018411874771118164
0.018372535705566406
0.018435239791870117
0.018535137176513672
0.018526077270507812
0.018527507781982422
0.01848888397216797
0.018818378448486328
0.018408775329589844
0.018371105194091797
0.01846933364868164
0.01845383644104004
0.018445730209350586
0.01845526695251465
0.01888585090637207
0.01855611801147461
0.01844000816345215
0.018471240997314453
0.018661975860595703
0.018442630767822266
0.01877307891845703
0.01848745346069336
0.01905655860900879
0.01849222183227539
0.01860189437866211
0.018531322479248047
0.018609046936035156
0.018609046936035156
0.01856231689453125
0.018800735473632812
0.018569231033325195
0.018892288208007812
0.01847219467163086
0.018471479415893555
0.018622159957885742
0.018537521362304688
0.01888418197631836
0.01885247230529785
0.01860356330871582
0.018445253372192383
0.018573760986328125
0.018672704696655273
0.018442630767822266
0.01846146583557129
0.019011735916137695
0.01853322982788086
0.01847386360168457
0.01863408088684082
0.01853466033935547
0.018563032150268555
0.018517494201660156
0.018581390380859375
0.01888585090637207
0.018487930297851562
0.018570661544799805
0.018479347229003906
0.01853466033935547
0.018555879592895508
0.018508195877075195
0.018854618072509766
0.01849222183227539
0.018485069274902344
0.018520355224609375
0.018504619598388672
0.018484115600585938
0.018573760986328125
0.018477678298950195
0.01886296272277832
0.018565893173217773
0.018485069274902344
0.018503665924072266
0.018468856811523438
0.018512487411499023
0.01844620704650879
0.01926589012145996
0.018738508224487305
0.018526077270507812
0.018524169921875
0.0185697078704834
0.01855921745300293
0.018524169921875
0.01885533332824707
0.019201993942260742
0.018666982650756836
0.0184328556060791
0.018696308135986328
0.01852273941040039
0.01864004135131836
0.01852250099182129
0.01886463165283203
0.018581151962280273
0.018412351608276367
0.018410921096801758
0.018642187118530273
0.018476009368896484
0.018413543701171875
0.018625974655151367
0.018950223922729492
0.018587350845336914
0.01851034164428711
0.018428325653076172
0.01847100257873535
0.018692970275878906
0.01855945587158203
0.018829345703125
0.018468618392944336
0.01845240592956543
0.018453598022460938
0.01848745346069336
0.018529415130615234
0.01838374137878418
0.01850271224975586
0.019115447998046875
0.01849985122680664
0.01877307891845703
0.01850438117980957
0.018384218215942383
0.01856827735900879
0.018423795700073242
0.018566131591796875
0.018497467041015625
0.01846003532409668
0.018448829650878906
0.01839900016784668
0.018887758255004883
0.018476486206054688
0.018431425094604492
0.018465757369995117
0.01847076416015625
0.018462419509887695
0.01840376853942871
0.018938064575195312
0.018462419509887695
0.018555402755737305
0.018505334854125977
0.018564701080322266
0.018494367599487305
0.01841139793395996
0.018538713455200195
0.018883466720581055
0.018441438674926758
0.018538475036621094
0.018479108810424805
0.018410444259643555
0.018563270568847656
0.018445253372192383
0.018845319747924805
0.01850128173828125
0.018459081649780273
0.01849365234375
0.018398523330688477
0.018409252166748047
0.018429279327392578
0.018643617630004883
0.018877029418945312
0.018543481826782227
0.018520832061767578
0.0184023380279541
0.018627643585205078
0.01883673667907715
0.018466472625732422
0.01887798309326172
0.018485307693481445
0.018414735794067383
0.018457651138305664
0.018481731414794922
0.018502473831176758
0.018400192260742188
0.018535852432250977
0.019177675247192383
0.018450260162353516
0.018448591232299805
0.01853632926940918
0.018484830856323242
0.018357515335083008
0.01842951774597168
0.018845081329345703
0.018368959426879883
0.01853179931640625
0.018476247787475586
0.018430709838867188
0.018604040145874023
0.01846623420715332
0.01873302459716797
0.018819570541381836
0.018476486206054688
0.018526554107666016
0.018479347229003906
0.01858043670654297
0.018663406372070312
0.018431663513183594
0.018838882446289062
0.018488645553588867
0.018441200256347656
0.018465518951416016
0.018535852432250977
0.01853156089782715
0.018480539321899414
0.018494129180908203
0.0187985897064209
0.018388748168945312
0.01853203773498535
0.01845836639404297
0.018402576446533203
0.01842665672302246
0.018431901931762695
0.018834829330444336
0.0185239315032959
0.01836109161376953
0.018446683883666992
0.018491268157958984
0.01841878890991211
0.018443822860717773
0.018456697463989258
0.018784523010253906
0.01866936683654785
0.018537044525146484
0.018458127975463867
0.01850748062133789
0.018471240997314453
0.01847672462463379
0.018833637237548828
0.018337011337280273
0.018594026565551758
0.018435239791870117
0.018438339233398438
0.01855778694152832
0.01849365234375
0.018442153930664062
0.018865108489990234
0.01851344108581543
0.018467426300048828
0.01848912239074707
0.01845693588256836
0.018463850021362305
0.018395423889160156
0.018802404403686523
0.01849365234375
0.018512725830078125
0.018526554107666016
0.01845526695251465
0.01857781410217285
0.018466711044311523
0.01866436004638672
0.01884937286376953
0.018436908721923828
0.01847052574157715
0.01847982406616211
0.018522977828979492
0.01843857765197754
0.01851654052734375
0.0187838077545166
0.018399477005004883
0.018455028533935547
0.018444538116455078
0.018470048904418945
0.018395185470581055
0.018462181091308594
0.01862502098083496
0.01903367042541504
0.018503189086914062
0.018403291702270508
0.018444299697875977
0.02522730827331543
0.02063155174255371
0.01904773712158203
0.018786191940307617
0.018413782119750977
0.01845264434814453
0.01837921142578125
0.01839613914489746
0.018419742584228516
0.01843547821044922
0.018414974212646484
0.018730878829956055
0.018411636352539062
0.018416404724121094
0.018553972244262695
0.018406391143798828
0.01843118667602539
0.018603086471557617
0.018840312957763672
0.018416404724121094
0.018465280532836914
0.0184478759765625
0.018342971801757812
0.018411874771118164
0.018382549285888672
0.01850748062133789
0.018837451934814453
0.01856851577758789
0.018452167510986328
0.018449068069458008
0.018475770950317383
0.018457651138305664
0.01866912841796875
0.018855810165405273
0.018550872802734375
0.01842784881591797
0.018636465072631836
0.01855754852294922
0.018550395965576172
0.018459796905517578
0.018470048904418945
0.018869638442993164
0.01854848861694336
0.018515586853027344
0.01845836639404297
0.01847672462463379
0.01842355728149414
0.018444299697875977
0.018874168395996094
0.01843881607055664
0.018468379974365234
0.018550395965576172
0.018450260162353516
0.018450260162353516
0.01844644546508789
0.01850748062133789
0.01885199546813965
0.018463611602783203
0.01852250099182129
0.018440723419189453
0.018522977828979492
0.018485307693481445
0.01845836639404297
0.01885080337524414
0.018375158309936523
0.018459796905517578
0.018572330474853516
0.01846933364868164
0.018471956253051758
0.018492460250854492
0.0184323787689209
0.01880812644958496
0.018523454666137695
0.01843404769897461
0.018457412719726562
0.018501996994018555
0.018480777740478516
0.018445730209350586
0.018776416778564453
0.018505096435546875
0.018462181091308594
0.01866888999938965
0.018466472625732422
0.018453121185302734
0.018502235412597656
0.018578052520751953
0.019065380096435547
0.018572092056274414
0.018543004989624023
0.0185091495513916
0.018453121185302734
0.01848745346069336
0.01847219467163086
0.018748998641967773
0.018408775329589844
0.018510103225708008
0.018448829650878906
0.018442630767822266
0.018523693084716797
0.018483400344848633
0.018470287322998047
0.018793582916259766
0.018482208251953125
0.018410921096801758
0.01849508285522461
0.01852107048034668
0.018484115600585938
0.018406391143798828
0.01886296272277832
0.01852560043334961
0.01834726333618164
0.01846456527709961
0.01848745346069336
0.018420696258544922
0.018415212631225586
0.018424510955810547
0.018854618072509766
0.018421411514282227
0.018491268157958984
0.018446683883666992
0.018508195877075195
0.018479108810424805
0.01844024658203125
0.018778562545776367
0.018603801727294922
0.01848125457763672
0.01855325698852539
0.018445491790771484
0.018495798110961914
0.01849675178527832
0.01841115951538086
0.01891469955444336
0.018481016159057617
0.018511533737182617
0.018515586853027344
0.01848912239074707
0.0184323787689209
0.018439292907714844
0.01899862289428711
0.018522024154663086
0.018501758575439453
0.018458127975463867
0.01842021942138672
0.018454790115356445
0.01851940155029297
0.018374204635620117
0.018838167190551758
0.01854848861694336
0.01859426498413086
0.018519878387451172
0.01839280128479004
0.018512248992919922
0.01839756965637207
0.018820524215698242
0.018471479415893555
0.018438339233398438
0.0184171199798584
0.01852250099182129
0.018465518951416016
0.018491506576538086
0.018521785736083984
0.018830537796020508
0.01856064796447754
0.018486976623535156
0.018457412719726562
0.018509626388549805
0.018471956253051758
0.018509864807128906
0.018830299377441406
0.018371105194091797
0.01846623420715332
0.018475055694580078
0.01844930648803711
0.018523454666137695
0.018530845642089844
0.018609046936035156
0.019130706787109375
0.01847672462463379
0.01856374740600586
0.01845693588256836
0.018466711044311523
0.018419265747070312
0.018650054931640625
0.018938541412353516
0.01844477653503418
0.018593549728393555
0.01848602294921875
0.018642425537109375
0.018543004989624023
0.018493175506591797
0.018575429916381836
0.019127845764160156
0.018652915954589844
0.01857924461364746
0.018506526947021484
0.018656015396118164
0.018390178680419922
0.018661022186279297
0.01878190040588379
0.018524169921875
0.018717527389526367
0.01851034164428711
0.01853179931640625
0.018587827682495117
0.01850748062133789
0.018564462661743164
0.01903700828552246
0.018406152725219727
0.018599987030029297
0.018446922302246094
0.0184478759765625
0.0184018611907959
0.01865983009338379
0.018810272216796875
0.018659114837646484
0.0188751220703125
0.01856708526611328
0.01851487159729004
0.01843118667602539
0.018401145935058594
0.018563032150268555
0.01889204978942871
0.0184323787689209
0.018561363220214844
0.018643856048583984
0.018366575241088867
0.018575668334960938
0.01847386360168457
0.01883220672607422
0.01867532730102539
0.01854085922241211
0.018400907516479492
0.018521547317504883
0.018552064895629883
0.018457651138305664
0.018530845642089844
0.018802165985107422
0.018705368041992188
0.018512725830078125
0.018445730209350586
0.018512248992919922
0.01847386360168457
0.01845073699951172
0.01885223388671875
0.01846480369567871
0.01840972900390625
0.018481969833374023
0.018541812896728516
0.018515348434448242
0.018800973892211914
0.01857280731201172
0.01853346824645996
0.018543481826782227
0.018640518188476562
0.018549442291259766
0.01848888397216797
0.018930673599243164
0.018605947494506836
0.018377304077148438
0.01853632926940918
0.018676280975341797
0.018423795700073242
0.018525362014770508
0.01853156089782715
0.01907515525817871
0.018459081649780273
0.0184476375579834
0.018419981002807617
0.018482208251953125
0.018437862396240234
0.01842212677001953
0.01886892318725586
0.018507957458496094
0.01853156089782715
0.01842045783996582
0.01839470863342285
0.01847052574157715
0.018544673919677734
0.018458127975463867
0.018829822540283203
0.018651247024536133
0.018433570861816406
0.018553733825683594
0.018520832061767578
0.018494367599487305
0.01840662956237793
0.018848180770874023
0.018442869186401367
0.018514633178710938
0.018485307693481445
0.018480539321899414
0.018462657928466797
0.018381834030151367
0.018404722213745117
0.018802642822265625
0.0184326171875
0.01849222183227539
0.018433570861816406
0.018483400344848633
0.018500804901123047
0.018464326858520508
0.0188751220703125
0.018454313278198242
0.01849222183227539
0.018399715423583984
0.018679141998291016
0.018431425094604492
0.01842021942138672
0.01848578453063965
0.01887202262878418
0.018510818481445312
0.01839590072631836
0.01846790313720703
0.018483877182006836
0.018471956253051758
0.018447160720825195
0.018791913986206055
0.0184934139251709
0.018579483032226562
0.018677711486816406
0.018429994583129883
0.0184786319732666
0.01845860481262207
0.018468379974365234
0.018813133239746094
0.018486738204956055
0.018347740173339844
0.01843571662902832
0.01844310760498047
0.01861739158630371
0.018414735794067383
0.019056081771850586
0.018485307693481445
0.01852869987487793
0.018517732620239258
0.0184328556060791
0.018574237823486328
0.01849055290222168
0.018575668334960938
0.01885080337524414
0.018437623977661133
0.018494367599487305
0.018490314483642578
0.018491268157958984
0.018465757369995117
0.018505573272705078
0.018826007843017578
0.01848888397216797
0.01861286163330078
0.01842188835144043
0.018759489059448242
0.018523693084716797
0.01848578453063965
0.018759727478027344
0.0191497802734375
0.01849985122680664
0.01852583885192871
0.01847052574157715
0.01850724220275879
0.018492460250854492
0.01841592788696289
0.018813610076904297
0.018469572067260742
0.01849198341369629
0.018515348434448242
0.018437862396240234
0.01836991310119629
0.01844310760498047
0.01845717430114746
0.01884317398071289
0.018538475036621094
0.018573522567749023
0.018432140350341797
0.018482446670532227
0.01857781410217285
0.01842784881591797
0.018782377243041992
0.018578767776489258
0.023022174835205078
0.018770694732666016
0.01855921745300293
0.018467187881469727
0.018421649932861328
0.01847696304321289
0.01884603500366211
0.018456220626831055
0.01854252815246582
0.018429994583129883
0.01853322982788086
0.018489360809326172
0.01857471466064453
0.018935203552246094
0.018569231033325195
0.018428802490234375
0.01845574378967285
0.018468141555786133
0.01844477653503418
0.018474340438842773
0.018467426300048828
0.01886606216430664
0.018396854400634766
0.018396377563476562
0.018446683883666992
0.018409013748168945
0.018508195877075195
0.018470048904418945
0.01885056495666504
0.01852107048034668
0.01851677894592285
0.01848888397216797
0.01850748062133789
0.01843714714050293
0.018491744995117188
0.018471956253051758
0.018866539001464844
0.01861429214477539
0.018535137176513672
0.018489360809326172
0.0184628963470459
0.018573999404907227
0.018651247024536133
0.018780231475830078
0.0185091495513916
0.018462181091308594
0.018512487411499023
0.01865100860595703
0.01853203773498535
0.018457889556884766
0.018570423126220703
0.01888871192932129
0.018414735794067383
0.01848292350769043
0.018479347229003906
0.018564462661743164
0.018525362014770508
0.018531084060668945
0.01892828941345215
0.018511533737182617
0.01851177215576172
0.018661022186279297
0.0185396671295166
0.01853013038635254
0.01857137680053711
0.018550395965576172
0.019152402877807617
0.01855754852294922
0.018408775329589844
0.018457651138305664
0.018466711044311523
0.018414020538330078
0.01843118667602539
0.018790245056152344
0.018448829650878906
0.018483400344848633
0.018410682678222656
0.01856541633605957
0.01846170425415039
0.018538475036621094
0.01847243309020996
0.01877140998840332
0.018543243408203125
0.018522262573242188
0.018523216247558594
0.018471479415893555
0.018398523330688477
0.018463611602783203
0.018873929977416992
0.018468856811523438
0.01849961280822754
0.01842522621154785
0.018433094024658203
0.018492698669433594
0.01852703094482422
0.01837944984436035
0.018898487091064453
0.018538236618041992
0.018442153930664062
0.018494844436645508
0.018604278564453125
0.018409252166748047
0.01847219467163086
0.018795490264892578
0.01870250701904297
0.01848888397216797
0.018500328063964844
0.018509864807128906
0.01849985122680664
0.01847529411315918
0.018415451049804688
0.01886129379272461
0.01844167709350586
0.01837301254272461
0.01852107048034668
0.018461227416992188
0.0184786319732666
0.01854419708251953
0.01887202262878418
0.018448352813720703
0.01842784881591797
0.018520593643188477
0.0186007022857666
0.018474102020263672
0.018468379974365234
0.018505334854125977
0.018792390823364258
0.018531084060668945
0.01854681968688965
0.018506765365600586
0.018549442291259766
0.01850104331970215
0.018506526947021484
0.018864154815673828
0.01849842071533203
0.018512964248657227
0.0185086727142334
0.0186007022857666
0.018431425094604492
0.018497705459594727
0.018487930297851562
0.018898487091064453
0.01848459243774414
0.018558979034423828
0.01864027976989746
0.018570661544799805
0.018490076065063477
0.018641233444213867
0.01892399787902832
0.018513202667236328
0.018520116806030273
0.01845836639404297
0.018422842025756836
0.018475770950317383
0.018570661544799805
0.01857590675354004
0.01906728744506836
0.018541336059570312
0.018459320068359375
0.01854252815246582
0.01837778091430664
0.018386125564575195
0.01846790313720703
0.01891350746154785
0.01845526695251465
0.018491268157958984
0.01855921745300293
0.018430471420288086
0.018483400344848633
0.01841449737548828
0.0184934139251709
0.018953561782836914
0.0184476375579834
0.01851367950439453
0.01854419708251953
0.01853656768798828
0.01841259002685547
0.018490314483642578
0.018848180770874023
0.018518924713134766
0.018565893173217773
0.018477678298950195
0.01844310760498047
0.018491029739379883
0.01848125457763672
0.01847076416015625
0.018861770629882812
0.018477916717529297
0.018541336059570312
0.01844954490661621
0.018506526947021484
0.01852273941040039
0.0184018611907959
0.019123315811157227
0.018542766571044922
0.01846003532409668
0.01845526695251465
0.018517732620239258
0.018654346466064453
0.018455982208251953
0.018538475036621094
0.01889777183532715
0.018526554107666016
0.018558263778686523
0.018585205078125
0.018496036529541016
0.018448591232299805
0.018320083618164062
0.018929719924926758
0.01856541633605957
0.01854419708251953
0.018447399139404297
0.01852893829345703
0.01846909523010254
0.01846623420715332
0.018507957458496094
0.018846750259399414
0.018485069274902344
0.018587350845336914
0.018496036529541016
0.018588781356811523
0.018420934677124023
0.018436908721923828
0.0188291072845459
0.01851963996887207
0.018685579299926758
0.01852130889892578
0.0184481143951416
0.018552541732788086
0.018511056900024414
0.018484830856323242
0.01890087127685547
0.01850724220275879
0.018526792526245117
0.01858997344970703
0.01857447624206543
0.018509864807128906
0.01850581169128418
0.01893758773803711
0.01842355728149414
0.018498897552490234
0.01851367950439453
0.018459081649780273
0.01847362518310547
0.01852726936340332
0.0187375545501709
0.019103527069091797
0.01848626136779785
0.018431901931762695
0.018492460250854492
0.018503427505493164
0.01857161521911621
0.01855158805847168
0.01883697509765625
0.01847386360168457
0.01848578453063965
0.018402814865112305
0.018614768981933594
0.018470287322998047
0.01843571662902832
0.018512487411499023
0.01886892318725586
0.01859736442565918
0.01846599578857422
0.018555164337158203
0.018495559692382812
0.01850748062133789
0.018424510955810547
0.01851654052734375
0.01839590072631836
0.018529653549194336
0.018514633178710938
0.018435001373291016
0.018511056900024414
0.0187838077545166
0.018413305282592773
0.018722057342529297
0.0185091495513916
0.01848006248474121
0.01857280731201172
0.01845550537109375
0.018872737884521484
0.018405675888061523
0.018429994583129883
0.018548250198364258
0.018473386764526367
0.01846933364868164
0.018445968627929688
0.018547773361206055
0.01883864402770996
0.018564224243164062
0.01851820945739746
0.0184171199798584
0.018493175506591797
0.018448591232299805
0.01844501495361328
0.01880788803100586
0.01842498779296875
0.0185699462890625
0.018546104431152344
0.01849985122680664
0.018506765365600586
0.018497705459594727
0.018462181091308594
0.01900482177734375
0.018502235412597656
0.018438100814819336
0.01853656768798828
0.01849985122680664
0.01859307289123535
0.01846933364868164
0.018937349319458008
0.018393278121948242
0.018558502197265625
0.018570661544799805
0.01844620704650879
0.018515586853027344
0.01844191551208496
0.0184783935546875
0.018914461135864258
0.018393754959106445
0.018479108810424805
0.01837444305419922
0.018462419509887695
0.01854562759399414
0.01847529411315918
0.018982410430908203
0.018521785736083984
0.01862311363220215
0.01857280731201172
0.01860952377319336
0.018554210662841797
0.018488168716430664
0.01869988441467285
0.019118785858154297
0.018409252166748047
0.018578052520751953
0.018462181091308594
0.01850414276123047
0.01855754852294922
0.018457651138305664
0.01875782012939453
0.018381834030151367
0.018677473068237305
0.018413543701171875
0.018441200256347656
0.018452882766723633
0.018458843231201172
0.018465757369995117
0.01912713050842285
0.018430471420288086
0.018465757369995117
0.01856541633605957
0.018487215042114258
0.018471956253051758
0.0185244083404541
0.019028902053833008
0.018454790115356445
0.018517732620239258
0.01850724220275879
0.01848578453063965
0.018549442291259766
0.018493175506591797
0.01847696304321289
0.018819570541381836
0.018496036529541016
0.01842498779296875
0.018519878387451172
0.01845693588256836
0.018492698669433594
0.018471717834472656
0.018870830535888672
0.018499374389648438
0.018430471420288086
0.01853036880493164
0.018479108810424805
0.01854419708251953
0.01848602294921875
0.018509387969970703
0.018813371658325195
0.018448352813720703
0.018575668334960938
0.018486499786376953
0.018533706665039062
0.01848602294921875
0.01853799819946289
0.01892876625061035
0.018556594848632812
0.018497705459594727
0.018545150756835938
0.01846766471862793
0.01849198341369629
0.018441438674926758
0.018526792526245117
0.018781185150146484
0.018505096435546875
0.018453359603881836
0.018599987030029297
0.018532752990722656
0.018436193466186523
0.018505334854125977
0.01886582374572754
0.018462419509887695
0.01850152015686035
0.018509864807128906
0.018559932708740234
0.018451929092407227
0.018423795700073242
0.018495798110961914
0.018871545791625977
0.018477678298950195
0.018569231033325195
0.018533945083618164
0.01852869987487793
0.01851058006286621
0.018466472625732422
0.018842458724975586
0.018485069274902344
0.018495798110961914
0.018592357635498047
0.01855301856994629
0.018568754196166992
0.0184938907623291
0.018602848052978516
0.019485950469970703
0.018487930297851562
0.01901078224182129
0.01848316192626953
0.018453598022460938
0.018526792526245117
0.019147157669067383
0.01879596710205078
0.01853466033935547
0.018463134765625
0.01852273941040039
0.018456697463989258
0.018375396728515625
0.01849818229675293
0.018537282943725586
0.018934011459350586
0.01858210563659668
0.018458843231201172
0.01849508285522461
0.018443584442138672
0.01852250099182129
0.018401384353637695
0.018798112869262695
0.01847386360168457
0.01851058006286621
0.01840662956237793
0.01852583885192871
0.018476247787475586
0.01851677894592285
0.01846933364868164
0.018872499465942383
0.018495798110961914
0.018413305282592773
0.01858234405517578
0.018639564514160156
0.018444538116455078
0.018500566482543945
0.018888235092163086
0.01886582374572754
0.01848602294921875
0.018602609634399414
0.01843738555908203
0.018514156341552734
0.0186464786529541
0.018565893173217773
0.018908977508544922
0.01856827735900879
0.01858663558959961
0.01839447021484375
0.018517017364501953
0.018622159957885742
0.01847362518310547
0.01886892318725586
0.018471240997314453
0.018558263778686523
0.018613576889038086
0.018546104431152344
0.018486499786376953
0.01856827735900879
0.01848316192626953
0.018946170806884766
0.01859259605407715
0.01852893829345703
0.018561363220214844
0.01846599578857422
0.018549203872680664
0.018497467041015625
0.018904685974121094
0.018553495407104492
0.018552780151367188
0.018491268157958984
0.01852273941040039
0.0184938907623291
0.018572092056274414
0.018585920333862305
0.01889657974243164
0.01846933364868164
0.018440961837768555
0.018579721450805664
0.018476009368896484
0.018433332443237305
0.01851367950439453
0.01888895034790039
0.018496990203857422
0.018564939498901367
0.018480777740478516
0.018510103225708008
0.018538713455200195
0.01852703094482422
0.022939443588256836
0.019657611846923828
0.01852583885192871
0.018492698669433594
0.0184175968170166
0.01859426498413086
0.01854538917541504
0.01842188835144043
0.018742799758911133
0.018454551696777344
0.018442153930664062
0.018448591232299805
0.018453121185302734
0.0184476375579834
0.01862335205078125
0.01858043670654297
0.01884603500366211
0.01846790313720703
0.018451213836669922
0.018504619598388672
0.018399953842163086
0.018608570098876953
0.018397808074951172
0.018865585327148438
0.018451690673828125
0.018479585647583008
0.01843428611755371
0.0184328556060791
0.018494844436645508
0.018393993377685547
0.018538713455200195
0.018842458724975586
0.01842522621154785
0.018518447875976562
0.018575191497802734
0.01846909523010254
0.01855182647705078
0.01849985122680664
0.018938541412353516
0.018561363220214844
0.018439531326293945
0.018518447875976562
0.018480539321899414
0.01852893829345703
0.018400192260742188
0.01853466033935547
0.01881885528564453
0.01845073699951172
0.01851487159729004
0.018421173095703125
0.018450021743774414
0.01850724220275879
0.01839756965637207
0.018900632858276367
0.018579483032226562
0.01852273941040039
0.018558502197265625
0.01870417594909668
0.01845240592956543
0.01851630210876465
0.01853322982788086
0.018810272216796875
0.01839447021484375
0.018477201461791992
0.018490314483642578
0.018482685089111328
0.018474340438842773
0.018491029739379883
0.01887202262878418
0.018472909927368164
0.018473386764526367
0.018451213836669922
0.018689632415771484
0.018462657928466797
0.01848626136779785
0.018468379974365234
0.018954038619995117
0.018511295318603516
0.01835155487060547
0.018556833267211914
0.018489599227905273
0.01848912239074707
0.018553733825683594
0.01886129379272461
0.018422365188598633
0.0185091495513916
0.018464326858520508
0.018459081649780273
0.01859760284423828
0.01850724220275879
0.018549442291259766
0.019055604934692383
0.01845836639404297
0.018474102020263672
0.018401145935058594
0.01871776580810547
0.018481731414794922
0.018477678298950195
0.018863677978515625
0.018480539321899414
0.018479108810424805
0.01854228973388672
0.01850128173828125
0.018514633178710938
0.018428325653076172
0.018434524536132812
0.018925189971923828
0.018451929092407227
0.018496990203857422
0.01854729652404785
0.018476009368896484
0.018436670303344727
0.01837611198425293
0.01885819435119629
0.01842641830444336
0.01839280128479004
0.018437623977661133
0.018487215042114258
0.01844644546508789
0.018503189086914062
0.018439531326293945
0.018826723098754883
0.018522262573242188
0.018368959426879883
0.018465280532836914
0.01846933364868164
0.01857614517211914
0.01851034164428711
0.018892288208007812
0.018468618392944336
0.018455982208251953
0.01856517791748047
0.018444538116455078
0.01841568946838379
0.018491744995117188
0.01838088035583496
0.018854856491088867
0.018393278121948242
0.018471717834472656
0.018527507781982422
0.018433094024658203
0.018527984619140625
0.01854252815246582
0.01889181137084961
0.018433809280395508
0.018607616424560547
0.018392086029052734
0.018536806106567383
0.018770456314086914
0.018738508224487305
0.018755435943603516
0.018866300582885742
0.01865696907043457
0.0187075138092041
0.018536090850830078
0.01887035369873047
0.018734455108642578
0.018721342086791992
0.018491268157958984
0.01891779899597168
0.01891303062438965
0.018485307693481445
0.018682479858398438
0.018644094467163086
0.01859426498413086
0.018625259399414062
0.018640518188476562
0.018860816955566406
0.0185544490814209
0.018613576889038086
0.018597126007080078
0.018540620803833008
0.018399715423583984
0.018639326095581055
0.01891922950744629
0.01844644546508789
0.018555641174316406
0.01856827735900879
0.018524646759033203
0.018448829650878906
0.01858234405517578
0.018569231033325195
0.019330501556396484
0.01865673065185547
0.018648862838745117
0.01852869987487793
0.01873302459716797
0.01897907257080078
0.018557071685791016
0.01891040802001953
0.01836228370666504
0.018523454666137695
0.01849222183227539
0.018547773361206055
0.01857280731201172
0.01851034164428711
0.0185544490814209
0.019063234329223633
0.018538951873779297
0.01849985122680664
0.018373966217041016
0.018474102020263672
0.018470048904418945
0.01861262321472168
0.019186973571777344
0.018407106399536133
0.018857955932617188
0.018474578857421875
0.01857137680053711
0.01900506019592285
0.018749475479125977
0.018575429916381836
0.01961064338684082
0.018477439880371094
0.018882036209106445
0.018669843673706055
0.01880812644958496
0.0186617374420166
0.01860213279724121
0.01886749267578125
0.0187070369720459
0.01843094825744629
0.018880844116210938
0.019026756286621094
0.018764257431030273
0.018521547317504883
0.018881797790527344
0.018830060958862305
0.018543481826782227
0.019066572189331055
0.01851344108581543
0.018515348434448242
0.019124984741210938
0.01851630210876465
0.0189056396484375
0.019309520721435547
0.01864147186279297
0.018497228622436523
0.018491744995117188
0.018645763397216797
0.01858377456665039
0.018507957458496094
0.018865108489990234
0.0184326171875
0.01870584487915039
0.01849198341369629
0.01873612403869629
0.018652915954589844
0.01851367950439453
0.01909637451171875
0.018607378005981445
0.018576860427856445
0.018558025360107422
0.018613815307617188
0.018442630767822266
0.01868724822998047
0.01866626739501953
0.019048452377319336
0.018635272979736328
0.018815279006958008
0.018547773361206055
0.01858663558959961
0.01854872703552246
0.018868446350097656
0.0188753604888916
0.01866912841796875
0.018409013748168945
0.018512964248657227
0.018614768981933594
0.018796920776367188
0.018628358840942383
0.01882147789001465
0.01910400390625
0.018619775772094727
0.018389225006103516
0.01853203773498535
0.018718242645263672
0.018355131149291992
0.018546104431152344
0.018837928771972656
0.01848125457763672
0.018575429916381836
0.018495798110961914
0.018671512603759766
0.018535852432250977
0.01876378059387207
0.018538713455200195
0.018842697143554688
0.0184476375579834
0.01861262321472168
0.018527984619140625
0.018443822860717773
0.018548011779785156
0.018488407135009766
0.01889967918395996
0.018453121185302734
0.018448352813720703
0.018436193466186523
0.018786191940307617
0.018517255783081055
0.018421649932861328
0.018471479415893555
0.018958091735839844
0.018515348434448242
0.01850295066833496
0.01847696304321289
0.01854538917541504
0.018512248992919922
0.018416404724121094
0.01883721351623535
0.018656253814697266
0.018807172775268555
0.01844310760498047
0.018493175506591797
0.01860952377319336
0.01858210563659668
0.018789291381835938
0.019105911254882812
0.018425703048706055
0.01857161521911621
0.018568754196166992
0.018561124801635742
0.01873493194580078
0.018483638763427734
0.018850088119506836
0.018654823303222656
0.01876068115234375
0.01850414276123047
0.01854538917541504
0.01853013038635254
0.018895387649536133
0.018567323684692383
0.018955469131469727
0.018532276153564453
0.018508195877075195
0.01873922348022461
0.01850581169128418
0.018656253814697266
0.018399953842163086
0.01902318000793457
0.018436908721923828
0.018538475036621094
0.018520593643188477
0.018782615661621094
0.018547773361206055
0.01843118667602539
0.018584489822387695
0.019134044647216797
0.018474817276000977
0.018589496612548828
0.01848888397216797
0.018663406372070312
0.018536090850830078
0.018595457077026367
0.01889777183532715
0.018543004989624023
0.018605709075927734
0.018868684768676758
0.018436908721923828
0.018657684326171875
0.018465518951416016
0.01862621307373047
0.019192934036254883
0.01848602294921875
0.01840972900390625
0.018576860427856445
0.018446683883666992
0.018650531768798828
0.01862478256225586
0.018986940383911133
0.018561124801635742
0.01852869987487793
0.01859450340270996
0.018503665924072266
0.018584012985229492
0.01868462562561035
0.018700122833251953
0.019013643264770508
0.01859307289123535
0.01862502098083496
0.018643856048583984
0.018512725830078125
0.018645524978637695
0.018567323684692383
0.01920342445373535
0.018583059310913086
0.01875448226928711
0.01854538917541504
0.01851058006286621
0.018522262573242188
0.018573760986328125
0.018587589263916016
0.018846750259399414
0.018528223037719727
0.018453121185302734
0.018758296966552734
0.018491506576538086
0.018515586853027344
0.01853013038635254
0.018969058990478516
0.01846933364868164
0.01883530616760254
0.018652677536010742
0.018532514572143555
0.01863837242126465
0.01875019073486328
0.0185544490814209
0.018941402435302734
0.01860833168029785
0.01861095428466797
0.018595218658447266
0.018462181091308594
0.018511533737182617
0.01836252212524414
0.018822908401489258
0.01850581169128418
0.01846623420715332
0.018414974212646484
0.01858043670654297
0.01862812042236328
0.018452882766723633
0.018477916717529297
0.01901865005493164
0.01849675178527832
0.018595218658447266
0.018481731414794922
0.01859140396118164
0.018724441528320312
0.018541812896728516
0.01887059211730957
0.018544435501098633
0.018476247787475586
0.018576383590698242
0.018568038940429688
0.018613815307617188
0.018622875213623047
0.018477201461791992
0.018865346908569336
0.018621444702148438
0.018508434295654297
0.018617630004882812
0.018535137176513672
0.01848316192626953
0.01853799819946289
0.018964529037475586
0.018426895141601562
0.018504858016967773
0.018520832061767578
0.018451690673828125
0.018486499786376953
0.01851344108581543
0.018590211868286133
0.01916956901550293
0.018489837646484375
0.0185091495513916
0.018491506576538086
0.01851677894592285
0.018514394760131836
0.018535614013671875
0.01892256736755371
0.018494129180908203
0.018546104431152344
0.018454790115356445
0.018460750579833984
0.01850605010986328
0.018456220626831055
0.018518447875976562
0.01891016960144043
0.018503189086914062
0.01846909523010254
0.01844048500061035
0.0184781551361084
0.01846480369567871
0.01855778694152832
0.018887996673583984
0.018462181091308594
0.01852250099182129
0.018370866775512695
0.01856827735900879
0.018485307693481445
0.0184023380279541
0.018659353256225586
0.01899123191833496
0.01853489875793457
0.018602848052978516
0.0184175968170166
0.01875591278076172
0.018498659133911133
0.01848316192626953
0.018946170806884766
0.018725156784057617
0.01854991912841797
0.018416881561279297
0.01857280731201172
0.018472671508789062
0.018620729446411133
0.01843547821044922
0.019129037857055664
0.01851963996887207
0.018493175506591797
0.018443822860717773
0.018526792526245117
0.01854252815246582
0.01845240592956543
0.01889324188232422
0.018494129180908203
0.01847076416015625
0.018596887588500977
0.018444299697875977
0.01858234405517578
0.01867079734802246
0.018459320068359375
0.018866539001464844
0.018457889556884766
0.018543004989624023
0.0185089111328125
0.018579483032226562
0.018518447875976562
0.018578529357910156
0.018903255462646484
0.018537044525146484
0.018584489822387695
0.018543481826782227
0.018667936325073242
0.018439531326293945
0.01867389678955078
0.01882791519165039
0.018866300582885742
0.018726825714111328
0.018767118453979492
0.0191037654876709
0.018708229064941406
0.01875162124633789
0.018439531326293945
0.01911330223083496
0.018701553344726562
0.018491744995117188
0.01852250099182129
0.018693208694458008
0.01846456527709961
0.018687009811401367
0.018634319305419922
0.019328832626342773
0.01873159408569336
0.01844501495361328
0.018391132354736328
0.018423080444335938
