0.01422882080078125
0.014497041702270508
0.014381885528564453
0.014230966567993164
0.014940977096557617
0.02041482925415039
0.02745795249938965
0.01633000373840332
0.014285087585449219
0.013760089874267578
0.01386117935180664
0.014384031295776367
0.013798952102661133
0.01454615592956543
0.014628171920776367
0.015088081359863281
0.014477014541625977
0.014976978302001953
0.014197111129760742
0.016714811325073242
0.028857946395874023
0.014923095703125
0.014038801193237305
0.013349294662475586
0.014107227325439453
0.014583110809326172
0.015452861785888672
0.014136791229248047
0.015057802200317383
0.013921022415161133
0.014127969741821289
0.01512908935546875
0.013525009155273438
0.014809131622314453
0.014116764068603516
0.014621973037719727
0.014097929000854492
0.013699054718017578
0.014233112335205078
0.013681888580322266
0.014180183410644531
0.013666152954101562
0.014417886734008789
0.01460409164428711
0.013364076614379883
0.0139923095703125
0.014260053634643555
0.01548004150390625
0.02937602996826172
0.01624917984008789
0.03715205192565918
0.014199972152709961
0.014745950698852539
0.014261007308959961
0.015252113342285156
0.015900135040283203
0.0157930850982666
0.019084930419921875
0.018548011779785156
0.015365839004516602
0.01408696174621582
0.014415979385375977
0.013812065124511719
0.014037847518920898
0.015540838241577148
0.014200687408447266
0.013939857482910156
0.013067007064819336
0.013834953308105469
0.014701128005981445
0.014019012451171875
0.01446223258972168
0.014257192611694336
0.014071941375732422
0.01392507553100586
0.014183998107910156
0.027230262756347656
0.014150142669677734
0.015062093734741211
0.01318979263305664
0.015729904174804688
0.015351057052612305
0.01589179039001465
0.016303062438964844
0.01476597785949707
0.01549220085144043
0.01523733139038086
0.014960050582885742
0.015212059020996094
0.015281915664672852
0.014894723892211914
0.014964103698730469
0.019887924194335938
0.02827310562133789
0.01988673210144043
0.016863107681274414
0.016669034957885742
0.014087200164794922
0.015211105346679688
0.015536069869995117
0.015611886978149414
0.014908075332641602
0.015244007110595703
0.023081064224243164
0.021306276321411133
0.015961170196533203
0.016483783721923828
0.015581846237182617
0.014774084091186523
0.015239953994750977
0.014949798583984375
0.015079975128173828
0.014859914779663086
0.015387773513793945
0.01528787612915039
0.016036033630371094
0.015370845794677734
0.015273809432983398
0.015250205993652344
0.015352010726928711
0.01453089714050293
0.015452861785888672
0.015337944030761719
0.01589512825012207
0.016644954681396484
0.01548910140991211
0.016624927520751953
0.015947818756103516
0.016010046005249023
0.015390157699584961
0.0265500545501709
0.019484758377075195
0.01601099967956543
0.01540994644165039
0.015854835510253906
0.015640974044799805
0.014843940734863281
0.01701211929321289
0.014705896377563477
0.015364885330200195
0.03185391426086426
0.02297496795654297
0.018746137619018555
0.01611804962158203
0.016544818878173828
0.016479969024658203
0.01725602149963379
0.018465042114257812
0.017068862915039062
0.017798900604248047
0.016973257064819336
0.016314029693603516
0.01448822021484375
0.014518976211547852
0.01529383659362793
0.016132831573486328
0.024096965789794922
0.020570755004882812
0.014951944351196289
0.015554189682006836
0.015074968338012695
0.015149116516113281
0.01562809944152832
0.014963865280151367
0.014478921890258789
0.015082120895385742
0.014568805694580078
0.015146017074584961
0.015372991561889648
0.013460874557495117
0.017071008682250977
0.0157620906829834
0.017149925231933594
0.01656794548034668
0.016734838485717773
0.016688823699951172
0.017178058624267578
0.0178680419921875
0.018638134002685547
0.01751399040222168
0.01626110076904297
0.015482902526855469
0.015478134155273438
0.01668691635131836
0.01529383659362793
0.014930009841918945
0.016049861907958984
0.032158851623535156
0.01933908462524414
0.015021085739135742
0.015315055847167969
0.015153169631958008
0.015102148056030273
0.014738321304321289
0.015543937683105469
0.014816999435424805
0.014541149139404297
0.015215873718261719
0.014986038208007812
0.01577305793762207
0.01682305335998535
0.015542745590209961
0.01598191261291504
0.01495814323425293
0.014719009399414062
0.01544809341430664
0.016030073165893555
0.01872086524963379
0.025346040725708008
0.014934062957763672
0.01514887809753418
0.014688968658447266
0.0156402587890625
0.015033960342407227
0.014767169952392578
0.01457524299621582
0.01584005355834961
0.015413045883178711
0.014947175979614258
0.014551162719726562
0.015247106552124023
0.014794111251831055
0.014617919921875
0.01587986946105957
0.015295982360839844
0.015377283096313477
0.014846324920654297
0.014759302139282227
0.016530275344848633
0.01901412010192871
0.01619720458984375
0.01520085334777832
0.015074014663696289
0.015126943588256836
0.01517486572265625
0.01620006561279297
0.016993999481201172
0.031216859817504883
0.02017688751220703
0.014277935028076172
0.014114141464233398
0.015154838562011719
0.01535487174987793
0.015446901321411133
0.016343116760253906
0.016193866729736328
0.015943288803100586
0.015358209609985352
0.01585698127746582
0.01577901840209961
0.01510930061340332
0.016425132751464844
0.015106916427612305
0.0164186954498291
0.016579627990722656
0.01564812660217285
0.015411138534545898
0.019276142120361328
0.025037050247192383
0.015795230865478516
0.015856266021728516
0.01561594009399414
0.015418767929077148
0.016373157501220703
0.017215967178344727
0.015362977981567383
0.014641046524047852
0.013775110244750977
0.013912677764892578
0.013843059539794922
0.014409065246582031
0.014017820358276367
0.015726089477539062
0.015179157257080078
0.014601945877075195
0.015022039413452148
0.015520334243774414
0.014927148818969727
0.01608896255493164
0.015679359436035156
0.01582813262939453
0.015640735626220703
0.01590585708618164
0.02236199378967285
0.028580188751220703
0.01810908317565918
0.015279769897460938
0.015477180480957031
0.014290094375610352
0.014763116836547852
0.01489710807800293
0.01594996452331543
0.01578688621520996
0.015491008758544922
0.01583409309387207
0.014747142791748047
0.015150785446166992
0.015386819839477539
0.01578211784362793
0.014822244644165039
0.016048192977905273
0.015961885452270508
0.014601945877075195
0.01506805419921875
0.015343189239501953
0.015516996383666992
0.014987945556640625
0.03302907943725586
0.014405250549316406
0.015068769454956055
0.01526021957397461
0.01585984230041504
0.015928030014038086
0.014796972274780273
0.015115976333618164
0.015450000762939453
0.014883756637573242
0.014594793319702148
0.015050172805786133
0.014997005462646484
0.014858007431030273
0.015477895736694336
0.014922857284545898
0.015857934951782227
0.015195846557617188
0.014927864074707031
0.015259027481079102
0.015275955200195312
0.014821052551269531
0.013939857482910156
0.042138099670410156
0.015996217727661133
0.014928102493286133
0.015208005905151367
0.015472173690795898
0.01536417007446289
0.015259742736816406
0.014225006103515625
0.015009880065917969
0.01544499397277832
0.015625
0.015343904495239258
0.015290260314941406
0.015625
0.014867067337036133
0.014667987823486328
0.015044927597045898
0.014773130416870117
0.014074087142944336
0.015295028686523438
0.01437687873840332
0.015005111694335938
0.014680147171020508
0.014719963073730469
0.014806032180786133
0.015183687210083008
0.01487112045288086
0.014906167984008789
0.027387142181396484
0.015631914138793945
0.014419078826904297
0.01555776596069336
0.014531135559082031
0.013797998428344727
0.014266014099121094
0.014465093612670898
0.014078855514526367
0.015165328979492188
0.01396489143371582
0.013929128646850586
0.014339208602905273
0.014527082443237305
0.01526021957397461
0.014190196990966797
0.014487028121948242
0.014919757843017578
0.028920888900756836
0.024863004684448242
0.015121936798095703
0.014384746551513672
0.014316082000732422
0.014188051223754883
0.014068126678466797
0.013614892959594727
0.014252185821533203
0.01392507553100586
0.014528989791870117
0.014552831649780273
0.013756752014160156
0.01651597023010254
0.014864921569824219
0.014989137649536133
0.014976978302001953
0.013889789581298828
0.014490842819213867
0.015028953552246094
0.015006303787231445
0.014709949493408203
0.015150070190429688
0.015210866928100586
0.013946056365966797
0.014312028884887695
0.014418840408325195
0.014623165130615234
0.014407873153686523
0.01439213752746582
0.013659000396728516
0.014565229415893555
0.03097391128540039
0.015110969543457031
0.015118837356567383
0.013966083526611328
0.014018774032592773
0.015717029571533203
0.01474905014038086
0.01456904411315918
0.0145721435546875
0.0143890380859375
0.014432907104492188
0.01429128646850586
0.014360189437866211
0.013650178909301758
0.01456904411315918
0.014017820358276367
0.029505014419555664
0.020353078842163086
0.015154123306274414
0.014954090118408203
0.014569997787475586
0.014369964599609375
0.014811038970947266
0.014028072357177734
0.015170097351074219
0.014783859252929688
0.014102935791015625
0.015024900436401367
0.014338970184326172
0.01447296142578125
0.014256000518798828
0.013457059860229492
0.015070199966430664
0.014873027801513672
0.014065027236938477
0.015000104904174805
0.015219926834106445
0.018100976943969727
0.0176389217376709
0.01438283920288086
0.03127408027648926
0.013998031616210938
0.013621091842651367
0.014487981796264648
0.013825654983520508
0.014269113540649414
0.014903783798217773
0.014204740524291992
0.013245820999145508
0.013680696487426758
0.014378070831298828
0.014279842376708984
0.01403498649597168
0.014423847198486328
0.01375889778137207
0.014703035354614258
0.013462066650390625
0.014310836791992188
0.014186859130859375
0.014739990234375
0.034008026123046875
0.01918792724609375
0.01487588882446289
0.014780759811401367
0.01444387435913086
0.014093875885009766
0.014267206192016602
0.015570878982543945
0.014817953109741211
0.015167236328125
0.014297008514404297
0.01359701156616211
0.014827966690063477
0.013745784759521484
0.014327049255371094
0.014085769653320312
0.014259815216064453
0.014872074127197266
0.013992786407470703
0.014422178268432617
0.01381373405456543
0.014928817749023438
0.014242172241210938
0.014978647232055664
0.013921022415161133
0.014351129531860352
0.014129161834716797
0.013529300689697266
0.014106035232543945
0.014455080032348633
0.014302968978881836
0.029025793075561523
0.016129016876220703
0.014159202575683594
0.013087987899780273
0.014572858810424805
0.014163017272949219
0.014767169952392578
0.014471769332885742
0.013718128204345703
0.01373291015625
0.013953924179077148
0.013943910598754883
0.014321088790893555
0.03426194190979004
0.01657390594482422
0.014772176742553711
0.014358997344970703
0.014116048812866211
0.014882087707519531
0.013412952423095703
0.013921976089477539
0.014990091323852539
0.014316797256469727
0.014789104461669922
0.014451980590820312
0.014658927917480469
0.013630867004394531
0.01416015625
0.014420032501220703
0.014549016952514648
0.013850927352905273
0.015210628509521484
0.014313936233520508
0.014555931091308594
0.013747930526733398
0.013960838317871094
0.01460123062133789
0.014512062072753906
0.01419687271118164
0.014190912246704102
0.01390695571899414
0.014542818069458008
0.013977289199829102
0.014905214309692383
0.013741016387939453
0.014566898345947266
0.013878107070922852
0.015014171600341797
0.013936758041381836
0.015147209167480469
0.014760017395019531
0.018110036849975586
0.027791738510131836
0.01549386978149414
0.01581287384033203
0.01523900032043457
0.014718055725097656
0.014333963394165039
0.014271974563598633
0.0308380126953125
0.01917099952697754
0.015035867691040039
0.014764785766601562
0.015496969223022461
0.01464986801147461
0.015475749969482422
0.015433073043823242
0.01508188247680664
0.015578746795654297
0.015240907669067383
0.019108057022094727
0.015552043914794922
0.014922857284545898
0.014724969863891602
0.015398025512695312
0.01540517807006836
0.015495061874389648
0.015273094177246094
0.015000104904174805
0.015427827835083008
0.015079021453857422
0.015227794647216797
0.015073060989379883
0.014348983764648438
0.015560150146484375
0.014506816864013672
0.014779090881347656
0.01614689826965332
0.014683008193969727
0.014706850051879883
0.015112161636352539
0.015345335006713867
0.014255285263061523
0.01441502571105957
0.01411890983581543
0.014780998229980469
0.01510000228881836
0.01441502571105957
0.015218019485473633
0.014576911926269531
0.015285968780517578
0.014517068862915039
0.01412200927734375
0.025604963302612305
0.017093896865844727
0.015141725540161133
0.014412879943847656
0.014868021011352539
0.013349056243896484
0.015156984329223633
0.023366928100585938
0.025508880615234375
0.01720118522644043
0.015087127685546875
0.015354156494140625
0.015279054641723633
0.01577591896057129
0.015219926834106445
0.014903068542480469
0.014883756637573242
0.01553797721862793
0.014961957931518555
0.014840841293334961
0.015447139739990234
0.016026973724365234
0.015671253204345703
0.015156030654907227
0.01675701141357422
0.01571202278137207
0.015079736709594727
0.015115022659301758
0.016356229782104492
0.016370058059692383
0.015639781951904297
0.015132904052734375
0.015304088592529297
0.015118837356567383
0.015076160430908203
0.014840126037597656
0.015070915222167969
0.015221118927001953
0.01535797119140625
0.015780925750732422
0.014997005462646484
0.015182018280029297
0.014993906021118164
0.015545845031738281
0.015535116195678711
0.014405965805053711
0.014036178588867188
0.015427112579345703
0.01471710205078125
0.015161991119384766
0.022315025329589844
0.02116084098815918
0.014865875244140625
0.013748884201049805
0.015861034393310547
0.014846086502075195
0.033419132232666016
0.01967787742614746
0.016783714294433594
0.014716863632202148
0.015771865844726562
0.014941930770874023
0.015446662902832031
0.01520681381225586
0.015316009521484375
0.01596808433532715
0.015152931213378906
0.01643991470336914
0.015392065048217773
0.014944076538085938
0.015686750411987305
0.015494108200073242
0.014322042465209961
0.015265941619873047
0.015491962432861328
0.014821767807006836
0.01469111442565918
0.0152130126953125
0.015051841735839844
0.01479196548461914
0.014858007431030273
0.01419520378112793
0.015673160552978516
0.015191078186035156
0.015254974365234375
0.016057968139648438
0.015043973922729492
0.015817880630493164
0.014698028564453125
0.015325069427490234
0.014960765838623047
0.014883995056152344
0.014605045318603516
0.01411890983581543
0.015134811401367188
0.014854192733764648
0.014621973037719727
0.01478719711303711
0.01529073715209961
0.016782045364379883
0.029000282287597656
0.032566070556640625
0.01420903205871582
0.014716863632202148
0.014241933822631836
0.014695882797241211
0.014568805694580078
0.014738321304321289
0.014271974563598633
0.014381885528564453
0.014806985855102539
0.014792203903198242
0.014540910720825195
0.014674901962280273
0.014745950698852539
0.015271902084350586
0.014953851699829102
0.015345096588134766
0.014323949813842773
0.01500391960144043
0.015108823776245117
0.014655113220214844
0.015521049499511719
0.01494908332824707
0.014866113662719727
0.014870166778564453
0.01480722427368164
0.014876842498779297
0.015265941619873047
0.01418304443359375
0.01508188247680664
0.014552116394042969
0.014896869659423828
0.014548063278198242
0.015538930892944336
0.01574397087097168
0.01467275619506836
0.014390945434570312
0.01401519775390625
0.015291213989257812
0.014917135238647461
0.014858007431030273
0.014810800552368164
0.015037775039672852
0.01455998420715332
0.014866113662719727
0.014336109161376953
0.014580011367797852
0.015101909637451172
0.030515193939208984
0.03147101402282715
0.015076160430908203
0.016082048416137695
0.01578974723815918
0.015082836151123047
0.014968156814575195
0.015163898468017578
0.014702796936035156
0.015375852584838867
0.01546788215637207
0.015033960342407227
0.015023231506347656
0.018061161041259766
0.018672943115234375
0.016634702682495117
0.015310049057006836
0.015569210052490234
0.014798641204833984
0.01469278335571289
0.015712976455688477
0.015470027923583984
0.014615058898925781
0.015510797500610352
0.014556169509887695
0.014303922653198242
0.016412973403930664
0.015670061111450195
0.015112876892089844
0.014597892761230469
0.015273809432983398
0.014738082885742188
0.015136957168579102
0.015009880065917969
0.014320850372314453
0.01523590087890625
0.015635967254638672
0.015604972839355469
0.015087127685546875
0.01552581787109375
0.014908075332641602
0.01594376564025879
0.015072107315063477
0.014821767807006836
0.01573777198791504
0.014171838760375977
0.014962911605834961
0.041015625
0.015136003494262695
0.014261960983276367
0.031083106994628906
0.014963150024414062
0.014469146728515625
0.014717817306518555
0.01425790786743164
0.015285015106201172
0.01431894302368164
0.014736175537109375
0.014065265655517578
0.013639211654663086
0.01482701301574707
0.014515876770019531
0.014383077621459961
0.013715267181396484
0.01379704475402832
0.014180183410644531
0.013986825942993164
0.014760017395019531
0.013985872268676758
0.014028072357177734
0.013667821884155273
0.0135040283203125
0.01394200325012207
0.014122962951660156
0.014400005340576172
0.014275074005126953
0.014616250991821289
0.014868021011352539
0.013628959655761719
0.01500701904296875
0.014000892639160156
0.014384031295776367
0.014332056045532227
0.014365196228027344
0.01447296142578125
0.013537168502807617
0.014239072799682617
0.014305830001831055
0.014451980590820312
0.014004230499267578
0.013940095901489258
0.014277935028076172
0.014056921005249023
0.014418840408325195
0.014250993728637695
0.014088153839111328
0.01450490951538086
0.014434814453125
0.014402151107788086
0.013171911239624023
0.014180660247802734
0.014178037643432617
0.013967037200927734
0.01448202133178711
0.014036893844604492
0.013978004455566406
0.014426231384277344
0.01435399055480957
0.014896154403686523
0.014733076095581055
0.015112876892089844
0.014548063278198242
0.014442920684814453
0.013334989547729492
0.014851093292236328
0.014007806777954102
0.014208793640136719
0.014482975006103516
0.015346050262451172
0.01402902603149414
0.014799118041992188
0.014475107192993164
0.01434326171875
0.015007972717285156
0.015133857727050781
0.013783931732177734
0.014878034591674805
0.016490936279296875
0.01416015625
0.014822244644165039
0.013309955596923828
0.013878107070922852
0.014792203903198242
0.013869047164916992
0.014545917510986328
0.014302968978881836
0.013852834701538086
0.014144659042358398
0.014491796493530273
0.014514923095703125
0.014160871505737305
0.018157958984375
0.04504108428955078
0.014969825744628906
0.013479948043823242
0.014179706573486328
0.013746976852416992
0.014274120330810547
0.013880014419555664
0.013957977294921875
0.013987302780151367
0.014156103134155273
0.014293193817138672
0.014318227767944336
0.014477014541625977
0.014852046966552734
0.014502763748168945
0.013384819030761719
0.013779878616333008
0.014298200607299805
0.014238119125366211
0.014335155487060547
0.014101982116699219
0.013553142547607422
0.014150142669677734
0.014310836791992188
0.01384592056274414
0.013950109481811523
0.013819217681884766
0.013754844665527344
0.01316523551940918
0.01410675048828125
0.014075279235839844
0.014835834503173828
0.014440774917602539
0.013961076736450195
0.013914108276367188
0.014447689056396484
0.013746023178100586
0.013829231262207031
0.01410984992980957
0.01440119743347168
0.013781309127807617
0.013643980026245117
0.014419078826904297
0.01424407958984375
0.015450239181518555
0.013923883438110352
0.0145111083984375
0.013875007629394531
0.014014005661010742
0.014143943786621094
0.014252185821533203
0.0393671989440918
0.022031068801879883
0.01406097412109375
0.013769865036010742
0.014635801315307617
0.014606952667236328
0.01500701904296875
0.013764142990112305
0.01473093032836914
0.014212846755981445
0.013740062713623047
0.014696836471557617
0.01501321792602539
0.01489400863647461
0.013983964920043945
0.014495134353637695
0.015179634094238281
0.015542030334472656
0.015639066696166992
0.015571117401123047
0.014130353927612305
0.014530181884765625
0.014232873916625977
0.014416933059692383
0.014482975006103516
0.014369010925292969
0.014007091522216797
0.013371706008911133
0.013820886611938477
0.014770269393920898
0.014526128768920898
0.014374971389770508
0.014194011688232422
0.014321088790893555
0.013755321502685547
0.014053106307983398
0.014920949935913086
0.014468908309936523
0.015580892562866211
0.014976024627685547
0.014285087585449219
0.01441192626953125
0.0158541202545166
0.014158964157104492
0.014398813247680664
0.014878034591674805
0.013522863388061523
0.0142669677734375
0.014306068420410156
0.014232158660888672
0.013520240783691406
0.034464120864868164
0.028553009033203125
0.014038801193237305
0.014514923095703125
0.014200925827026367
0.014782905578613281
0.014009237289428711
0.013776063919067383
0.014226913452148438
0.01379704475402832
0.014442205429077148
0.013780832290649414
0.013128995895385742
0.014224052429199219
0.014426231384277344
0.01418924331665039
0.014487028121948242
0.013952970504760742
0.014430046081542969
0.012881040573120117
0.013647079467773438
0.013958215713500977
0.013978004455566406
0.013664960861206055
0.013582944869995117
0.013885974884033203
0.014185190200805664
0.014238119125366211
0.014084100723266602
0.014303922653198242
0.013113021850585938
0.013326883316040039
0.014364957809448242
0.013865947723388672
0.01395416259765625
0.014348030090332031
0.014456987380981445
0.013653039932250977
0.014451980590820312
0.014259815216064453
0.013960838317871094
0.014997243881225586
0.013797998428344727
0.013881921768188477
0.013904809951782227
0.013693809509277344
0.014379024505615234
0.013922929763793945
0.014207839965820312
0.024637222290039062
0.02473306655883789
0.026051998138427734
0.016398191452026367
0.0142059326171875
0.013618946075439453
0.014636993408203125
0.013462066650390625
0.014287710189819336
0.01407480239868164
0.014105796813964844
0.014268875122070312
0.015124082565307617
0.016638755798339844
0.015618085861206055
0.014437198638916016
0.014481067657470703
0.013532876968383789
0.014657974243164062
0.014234066009521484
0.014429807662963867
0.014042854309082031
0.014123916625976562
0.013646125793457031
0.015152215957641602
0.01384592056274414
0.015659093856811523
0.014377117156982422
0.014230012893676758
0.014312982559204102
0.01394510269165039
0.013870954513549805
0.014244794845581055
0.0142059326171875
0.01443791389465332
0.014374256134033203
0.014140844345092773
0.014189004898071289
0.013566017150878906
0.01457524299621582
0.01393580436706543
0.014081001281738281
0.014128923416137695
0.014286994934082031
0.013705968856811523
0.02597832679748535
0.017929792404174805
0.016370058059692383
0.017716169357299805
0.018751144409179688
0.015334129333496094
0.015121936798095703
0.014357805252075195
0.035080909729003906
0.020200252532958984
0.014085054397583008
0.015316963195800781
0.014396905899047852
0.015832185745239258
0.01462411880493164
0.014712810516357422
0.014083147048950195
0.013847827911376953
0.013901233673095703
0.01415705680847168
0.014163970947265625
0.01398015022277832
0.014018058776855469
0.014027118682861328
0.014428853988647461
0.01526784896850586
0.014461994171142578
0.014637947082519531
0.014094829559326172
0.014894962310791016
0.01407313346862793
0.013301849365234375
0.014507055282592773
0.014770984649658203
0.015140056610107422
0.015241861343383789
0.015005111694335938
0.014579057693481445
0.01501011848449707
0.01412200927734375
0.014528036117553711
0.015133857727050781
0.015056133270263672
0.015463113784790039
0.015215873718261719
0.015373706817626953
0.01446080207824707
0.015250205993652344
0.014561891555786133
0.01450800895690918
0.0150299072265625
0.027610063552856445
0.014068841934204102
0.015250921249389648
0.01374197006225586
0.01429295539855957
0.03348493576049805
0.02056121826171875
0.014068365097045898
0.013924121856689453
0.014861106872558594
0.014902114868164062
0.014320135116577148
0.015044212341308594
0.015625953674316406
0.014533758163452148
0.013289928436279297
0.015117168426513672
0.014102935791015625
0.015428781509399414
0.015077829360961914
0.015443086624145508
0.014781951904296875
0.013870000839233398
0.014224052429199219
0.013375997543334961
0.015191793441772461
0.01447606086730957
0.013701915740966797
0.015310049057006836
0.013797998428344727
0.014284133911132812
0.013225078582763672
0.013866186141967773
0.01520085334777832
0.01373910903930664
0.013822078704833984
0.014024972915649414
0.013969898223876953
0.014669179916381836
0.014204740524291992
0.014168977737426758
0.01421809196472168
0.013647794723510742
0.013744831085205078
0.014261960983276367
0.015024900436401367
0.014598846435546875
0.014914989471435547
0.02530503273010254
0.016810178756713867
0.013890743255615234
0.014401912689208984
0.014272212982177734
0.014581918716430664
0.027426719665527344
0.022545814514160156
0.014860153198242188
0.013669252395629883
0.01340174674987793
0.014813899993896484
0.01423501968383789
0.01455998420715332
0.013848066329956055
0.013698101043701172
0.01435708999633789
0.013919353485107422
0.014136075973510742
0.01487588882446289
0.014590024948120117
0.014166116714477539
0.01370382308959961
0.014508962631225586
0.014086246490478516
0.014499187469482422
0.014651775360107422
0.016035795211791992
0.01880192756652832
0.018837928771972656
0.027688026428222656
0.016115188598632812
0.014246940612792969
0.013530969619750977
0.01446080207824707
0.014342784881591797
0.014289140701293945
0.014348983764648438
0.014473199844360352
0.013875961303710938
0.014287710189819336
0.01413416862487793
0.013903141021728516
0.013637065887451172
0.01465606689453125
0.013901948928833008
0.014926910400390625
0.015094757080078125
0.014014959335327148
0.015166044235229492
0.014618873596191406
0.015300750732421875
0.01499795913696289
0.015197992324829102
0.040640830993652344
0.014132976531982422
0.015447139739990234
0.01404428482055664
0.015463113784790039
0.01530599594116211
0.01415705680847168
0.014214038848876953
0.014369010925292969
0.015075206756591797
0.015017032623291016
0.015944242477416992
0.014335870742797852
0.015017986297607422
0.014740943908691406
0.015332221984863281
0.01394200325012207
0.014217138290405273
0.013988018035888672
0.013597965240478516
0.014904975891113281
0.014172077178955078
0.014940977096557617
0.013482093811035156
0.014627933502197266
0.014782905578613281
0.027870893478393555
0.01832866668701172
0.014409065246582031
0.015250921249389648
0.01595473289489746
0.014008283615112305
0.015105009078979492
0.014105081558227539
0.015916109085083008
0.016038894653320312
0.015666961669921875
0.015475988388061523
0.015514135360717773
0.016180992126464844
0.01446223258972168
0.015819072723388672
0.014950990676879883
0.015135049819946289
0.014737844467163086
0.015853166580200195
0.013988971710205078
0.039166927337646484
0.017060041427612305
0.015018939971923828
0.015214204788208008
0.015547990798950195
0.014346122741699219
0.016625165939331055
0.034235239028930664
0.016443967819213867
0.016113758087158203
0.016721725463867188
0.016010046005249023
0.015948057174682617
0.015794038772583008
0.01453709602355957
0.015464305877685547
0.015080928802490234
0.015402078628540039
0.014642000198364258
0.014950275421142578
0.01398921012878418
0.01451420783996582
0.015501737594604492
0.015142202377319336
0.015104055404663086
0.014854907989501953
0.015548944473266602
0.015650033950805664
0.015581846237182617
0.014765024185180664
0.015521049499511719
0.015334129333496094
0.014239072799682617
0.01533818244934082
0.02615809440612793
0.01745891571044922
0.015229940414428711
0.014635086059570312
0.014843940734863281
0.014147043228149414
0.014723062515258789
0.015244007110595703
0.014776229858398438
0.015423059463500977
0.014374017715454102
0.016043901443481445
0.01581120491027832
0.01727008819580078
0.015702009201049805
0.0152130126953125
0.015328168869018555
0.03992795944213867
0.017445802688598633
0.015205144882202148
0.01633000373840332
0.015443801879882812
0.016124725341796875
0.015437841415405273
0.016147851943969727
0.015040874481201172
0.01607823371887207
0.014534235000610352
0.026163339614868164
0.018080949783325195
0.014914989471435547
0.014336109161376953
0.015808820724487305
0.01542806625366211
0.015311002731323242
0.014583110809326172
0.015468120574951172
0.013674020767211914
0.015396833419799805
0.014644861221313477
0.014624834060668945
0.015645980834960938
0.014641284942626953
0.015940189361572266
0.015406131744384766
0.014724254608154297
0.015272855758666992
0.01397705078125
0.015166282653808594
0.015413045883178711
0.015292882919311523
0.014245033264160156
0.015369892120361328
0.01502084732055664
0.015812158584594727
0.014487981796264648
0.022328853607177734
0.02105116844177246
0.015642166137695312
0.01570892333984375
0.01550912857055664
0.014779806137084961
0.016534090042114258
0.03125405311584473
0.01938033103942871
0.015218019485473633
0.014600992202758789
0.015933990478515625
0.014697074890136719
0.015207052230834961
0.013682842254638672
0.015130758285522461
0.01530766487121582
0.01495504379272461
0.015852689743041992
0.014519214630126953
0.015691041946411133
0.014572858810424805
0.0150299072265625
0.015118122100830078
0.014182090759277344
0.015001058578491211
0.015321016311645508
0.016124963760375977
0.027280092239379883
0.022203922271728516
0.015513181686401367
0.01614999771118164
0.015362024307250977
0.014806032180786133
0.016022920608520508
0.015130043029785156
0.014714956283569336
0.015159845352172852
0.014818906784057617
0.0148468017578125
0.015919208526611328
0.015359878540039062
0.014299154281616211
0.01565408706665039
0.014866113662719727
0.015249252319335938
0.015115022659301758
0.014641046524047852
0.014441967010498047
0.016421794891357422
0.013822078704833984
0.015201091766357422
0.014873743057250977
0.014714956283569336
0.015865087509155273
0.014217138290405273
0.04214882850646973
0.022230148315429688
0.015341043472290039
0.01495504379272461
0.014449119567871094
0.015000104904174805
0.01499485969543457
0.01540517807006836
0.014891862869262695
0.016207218170166016
0.014874935150146484
0.015712738037109375
0.014662742614746094
0.015427112579345703
0.014357805252075195
0.015568256378173828
0.01577591896057129
0.015075922012329102
0.01530313491821289
0.01454782485961914
0.0161130428314209
0.014798164367675781
0.01598834991455078
0.015039920806884766
0.015228986740112305
0.015362024307250977
0.015069961547851562
0.014096736907958984
0.01579594612121582
0.015082836151123047
0.014827966690063477
0.015471220016479492
0.014724969863891602
0.01595282554626465
0.01477503776550293
0.01510000228881836
0.014355182647705078
0.01513814926147461
0.015561819076538086
0.015136957168579102
0.01530909538269043
0.01591205596923828
0.01541590690612793
0.014896869659423828
0.015570878982543945
0.014831066131591797
0.023834943771362305
0.030430078506469727
0.029166221618652344
0.014966011047363281
0.015063047409057617
0.01446080207824707
0.0157167911529541
0.016022205352783203
0.016712188720703125
0.01575303077697754
0.015654802322387695
0.016129016876220703
0.015334844589233398
0.015791893005371094
0.0158841609954834
0.015652894973754883
0.014887094497680664
0.015326976776123047
0.01518702507019043
0.015588998794555664
0.014876127243041992
0.01483297348022461
0.014667034149169922
0.015465974807739258
0.014889955520629883
0.014534235000610352
0.015333175659179688
0.014792919158935547
0.015712976455688477
0.014683008193969727
0.015592098236083984
0.014658689498901367
0.015254020690917969
0.015349864959716797
0.015475034713745117
0.015803098678588867
0.015289068222045898
0.015208959579467773
0.01448512077331543
0.015162229537963867
0.015562057495117188
0.014645099639892578
0.016000032424926758
0.014684915542602539
0.01525115966796875
0.01528310775756836
0.031024932861328125
0.0343327522277832
0.015928030014038086
0.014778852462768555
0.015694141387939453
0.01603412628173828
0.01573801040649414
0.014978885650634766
0.01623082160949707
0.015592813491821289
0.015295982360839844
0.015891075134277344
0.014544963836669922
0.015500783920288086
0.01578998565673828
0.015455007553100586
0.015769004821777344
0.01604294776916504
0.015870094299316406
0.01570606231689453
0.015477895736694336
0.016206979751586914
0.015616655349731445
0.01629805564880371
0.014355897903442383
0.015224933624267578
0.014925956726074219
0.01617598533630371
0.014335870742797852
0.01547861099243164
0.014925956726074219
0.015098810195922852
0.015459060668945312
0.0143280029296875
0.01512598991394043
0.015070915222167969
0.01613473892211914
0.014345169067382812
0.014490127563476562
0.015110015869140625
0.01495814323425293
0.01574993133544922
0.01532435417175293
0.024741172790527344
0.02001214027404785
0.014117002487182617
0.015587091445922852
0.015305042266845703
0.028499126434326172
0.023401975631713867
0.015213966369628906
0.014718055725097656
0.014455795288085938
0.014552831649780273
0.01629805564880371
0.014757871627807617
0.015972137451171875
0.015125036239624023
0.01568603515625
0.017525911331176758
0.015024900436401367
0.014043092727661133
0.01570892333984375
0.015375137329101562
0.015956878662109375
0.015649080276489258
0.016525983810424805
0.015401124954223633
0.015933990478515625
0.015455961227416992
0.014531850814819336
0.015248775482177734
0.014943838119506836
0.015838146209716797
0.015816211700439453
0.014168024063110352
0.015021800994873047
0.01576399803161621
0.015106201171875
0.015265703201293945
0.01516413688659668
0.015034198760986328
0.015693187713623047
0.014778852462768555
0.015279769897460938
0.014903068542480469
0.014326095581054688
0.015316247940063477
0.01546335220336914
0.015283346176147461
0.015422344207763672
0.015199899673461914
0.014835834503173828
0.015750885009765625
0.023204803466796875
0.020252227783203125
0.03083324432373047
0.021912097930908203
0.015119791030883789
0.014362812042236328
0.015204668045043945
0.014753103256225586
0.015819072723388672
0.016062021255493164
0.01577281951904297
0.014576911926269531
0.015838146209716797
0.01869988441467285
0.015523195266723633
0.015146970748901367
0.015479803085327148
0.014738798141479492
0.014952898025512695
0.01435399055480957
0.01572132110595703
0.01584625244140625
0.015594244003295898
0.01582503318786621
0.015811920166015625
0.01570892333984375
0.016442298889160156
0.016134023666381836
0.015737056732177734
0.01572871208190918
0.015201091766357422
0.015575170516967773
0.01587986946105957
0.01536107063293457
0.015818119049072266
0.014986038208007812
0.01435089111328125
0.014822006225585938
0.016106843948364258
0.015558004379272461
0.015765905380249023
0.015333890914916992
0.01695418357849121
0.016041994094848633
0.015810251235961914
0.016808032989501953
0.014882802963256836
0.014482975006103516
0.016172170639038086
0.01628589630126953
0.03142976760864258
0.03084707260131836
0.015579938888549805
0.015356779098510742
0.015728235244750977
0.015607118606567383
0.016557931900024414
0.01579117774963379
0.01607489585876465
0.015619993209838867
0.016059160232543945
0.015736103057861328
0.015675067901611328
0.016125917434692383
0.015163898468017578
0.015951871871948242
0.015440940856933594
0.014940023422241211
0.014654159545898438
0.015973806381225586
0.015121936798095703
0.0163421630859375
0.014956951141357422
0.016277790069580078
0.01511693000793457
0.015347957611083984
0.015738725662231445
0.01548314094543457
0.016227006912231445
0.01607227325439453
0.015154123306274414
0.01583695411682129
0.015837907791137695
0.014750957489013672
0.01749396324157715
0.014867067337036133
0.01603078842163086
0.015156984329223633
0.01598381996154785
0.015926122665405273
0.016228914260864258
0.015311002731323242
0.01619100570678711
0.016093015670776367
0.01876091957092285
0.01723170280456543
0.015280961990356445
0.025364160537719727
0.027037858963012695
0.016482830047607422
0.01583695411682129
0.03026413917541504
0.020088911056518555
0.015425920486450195
0.01615595817565918
0.017521142959594727
0.018220901489257812
0.016010046005249023
0.015562057495117188
0.015144824981689453
0.016484975814819336
0.015177011489868164
0.01492929458618164
0.01555013656616211
0.01498103141784668
0.015292882919311523
0.015864133834838867
0.01546335220336914
0.014073848724365234
0.01581287384033203
0.014886140823364258
0.015114068984985352
0.015338897705078125
0.015451908111572266
0.01531982421875
0.0152587890625
0.015715837478637695
0.01726698875427246
0.014986038208007812
0.015413045883178711
0.015434980392456055
0.014766931533813477
0.0156252384185791
0.014597177505493164
0.015208005905151367
0.015443801879882812
0.015589714050292969
0.015247821807861328
0.015339136123657227
0.016221046447753906
0.015553951263427734
0.015094995498657227
0.015674114227294922
0.015944242477416992
0.014671087265014648
0.021064043045043945
0.01534581184387207
0.014786958694458008
0.016636133193969727
0.014964103698730469
0.015691757202148438
0.015726089477539062
0.017379045486450195
0.014646053314208984
0.015899181365966797
0.015486001968383789
0.015733003616333008
0.01506805419921875
0.01665210723876953
0.01526784896850586
0.016145944595336914
0.015241861343383789
0.017444133758544922
0.0185849666595459
0.018909215927124023
0.01752328872680664
0.0181272029876709
0.015555858612060547
0.015427112579345703
0.015176057815551758
0.01587200164794922
0.01471090316772461
0.015544652938842773
0.015032768249511719
0.0156400203704834
0.015986204147338867
0.015311717987060547
0.014784097671508789
0.014374971389770508
0.015470027923583984
0.014838933944702148
0.015334844589233398
0.01512908935546875
0.015186309814453125
0.015004158020019531
0.01505422592163086
0.015493154525756836
0.0300905704498291
0.02326512336730957
0.014915227890014648
0.015661954879760742
0.0172421932220459
0.014494895935058594
0.015302896499633789
0.01413106918334961
0.02657485008239746
0.022023916244506836
0.021034955978393555
0.016167879104614258
0.01476287841796875
0.01631307601928711
0.015233039855957031
0.015653133392333984
0.01574087142944336
0.015365123748779297
0.015290975570678711
0.014944076538085938
0.014519214630126953
0.014810800552368164
0.014615058898925781
0.015392065048217773
0.01545095443725586
0.014750003814697266
0.015743017196655273
0.0150909423828125
0.015806913375854492
0.015321731567382812
0.015399932861328125
0.015502214431762695
0.015268087387084961
0.014999628067016602
0.015603065490722656
0.017047882080078125
0.016009807586669922
0.015883684158325195
0.015980005264282227
0.014993906021118164
0.014185428619384766
0.015719175338745117
0.01468205451965332
0.015544891357421875
0.014631271362304688
0.01584911346435547
0.01532292366027832
0.040986061096191406
0.016290903091430664
0.01572704315185547
0.015619039535522461
0.015411853790283203
0.016070842742919922
0.015105962753295898
0.015490055084228516
0.014916181564331055
0.015859127044677734
0.02679586410522461
0.015589714050292969
0.015246868133544922
0.016157150268554688
0.01545405387878418
0.01530909538269043
0.014859914779663086
0.015501022338867188
0.015521049499511719
0.014512777328491211
0.015939950942993164
0.014114856719970703
0.015289068222045898
0.015569210052490234
0.01520991325378418
0.015162229537963867
0.015887975692749023
0.014812231063842773
0.015733957290649414
0.015053033828735352
0.015645265579223633
0.015620946884155273
0.01518106460571289
0.01538991928100586
0.01438593864440918
0.016027212142944336
0.01624298095703125
0.016347169876098633
0.01534414291381836
0.015379190444946289
0.015214204788208008
0.015418052673339844
0.015246152877807617
0.03557896614074707
0.017992019653320312
0.015438079833984375
0.015379905700683594
0.015639066696166992
0.015954256057739258
0.015872955322265625
0.015877962112426758
0.015514850616455078
0.015372991561889648
0.015608787536621094
0.015378952026367188
0.01700115203857422
0.01664280891418457
0.014493942260742188
0.015428781509399414
0.01529693603515625
0.028939008712768555
0.0162661075592041
0.015478134155273438
0.015085220336914062
0.014409780502319336
0.015347003936767578
0.015311241149902344
0.015197992324829102
0.014726877212524414
0.015397787094116211
0.01481175422668457
0.01573920249938965
0.014684915542602539
0.01622295379638672
0.015661954879760742
0.014369010925292969
0.016833066940307617
0.013955116271972656
0.015162229537963867
0.014275789260864258
0.0159912109375
0.015208959579467773
0.015255928039550781
0.015383243560791016
0.015397310256958008
0.015779972076416016
0.015858888626098633
0.014954805374145508
0.014383792877197266
0.01576709747314453
0.015197992324829102
0.01464080810546875
0.014883756637573242
0.015316009521484375
0.029613256454467773
0.02209615707397461
0.015421152114868164
0.015419244766235352
0.015346288681030273
0.014520883560180664
0.015572071075439453
0.015084028244018555
0.01566004753112793
0.015336275100708008
0.03051018714904785
0.016692161560058594
0.015539884567260742
0.016965866088867188
0.01528310775756836
0.01587700843811035
0.015292167663574219
0.015936613082885742
0.01597428321838379
0.015888214111328125
0.015350103378295898
0.015617132186889648
0.015130758285522461
0.015198945999145508
0.016325950622558594
0.015140056610107422
0.014007091522216797
0.014564037322998047
0.015247106552124023
0.014711856842041016
0.015017986297607422
0.01556396484375
0.015086174011230469
0.014338970184326172
0.01576089859008789
0.016147136688232422
0.01506805419921875
0.014915227890014648
0.014816761016845703
0.015710115432739258
0.014816045761108398
0.015317916870117188
0.015429019927978516
0.02344822883605957
0.037809133529663086
0.01590895652770996
0.014718055725097656
0.015043973922729492
0.015797138214111328
0.015570878982543945
0.015383005142211914
0.018656015396118164
0.01540994644165039
0.014805078506469727
0.015425920486450195
0.014899969100952148
0.015144109725952148
0.025391817092895508
0.019760847091674805
0.01446986198425293
0.0156552791595459
0.014898300170898438
0.01636481285095215
0.014681816101074219
0.015472888946533203
0.01712799072265625
0.018175125122070312
0.01636505126953125
0.015470027923583984
0.015038013458251953
0.015237092971801758
0.014618873596191406
0.01500701904296875
0.015439987182617188
0.013611078262329102
0.015356063842773438
0.01442575454711914
0.01540827751159668
0.01463007926940918
0.015665292739868164
0.015673160552978516
0.016063928604125977
0.015270709991455078
0.015542984008789062
0.015622854232788086
0.01711726188659668
0.016180038452148438
0.014425992965698242
0.016785860061645508
0.014544963836669922
0.01600480079650879
0.04151201248168945
0.016208887100219727
0.015491008758544922
0.013403892517089844
0.015051126480102539
0.01570916175842285
0.015586137771606445
0.014545917510986328
0.014780998229980469
0.014122962951660156
0.014920949935913086
0.0158231258392334
0.015350103378295898
0.013696908950805664
0.014497995376586914
0.015887022018432617
0.014598846435546875
0.01609182357788086
0.03196597099304199
0.014669179916381836
0.015278100967407227
0.014688730239868164
0.014047861099243164
0.013720035552978516
0.014313220977783203
0.015175819396972656
0.014681100845336914
0.014477014541625977
0.01524662971496582
0.014235734939575195
0.014069080352783203
0.014409303665161133
0.014990091323852539
0.013931035995483398
0.014950037002563477
0.014632940292358398
0.014981269836425781
0.01396489143371582
0.014555931091308594
0.013958930969238281
0.013889074325561523
0.015420198440551758
0.014287948608398438
0.014119863510131836
0.014667987823486328
0.014573812484741211
0.015089988708496094
0.013815641403198242
0.014991998672485352
0.014362812042236328
0.014946937561035156
0.03835105895996094
0.016514062881469727
0.018993139266967773
0.01566481590270996
0.015319108963012695
0.01459193229675293
0.01468205451965332
0.01470804214477539
0.01616191864013672
0.01493978500366211
0.015151023864746094
0.014265060424804688
0.015269041061401367
0.03307795524597168
0.014580011367797852
0.013818979263305664
0.014703035354614258
0.013803720474243164
0.014756202697753906
0.01385498046875
0.014148235321044922
0.014283895492553711
0.01380300521850586
0.01409292221069336
0.014573097229003906
0.014541149139404297
0.014792919158935547
0.01516103744506836
0.013923168182373047
0.014562129974365234
0.014549016952514648
0.014378070831298828
0.01474308967590332
0.015465974807739258
0.014842987060546875
0.014386177062988281
0.01386117935180664
0.014580965042114258
0.014358043670654297
0.014940261840820312
0.014866828918457031
0.014729976654052734
0.014180183410644531
0.029575347900390625
0.02087688446044922
0.014023780822753906
0.013005733489990234
0.014308929443359375
0.014397859573364258
0.014270782470703125
0.015141725540161133
0.014607906341552734
0.014347076416015625
0.013423919677734375
0.014247894287109375
0.014348030090332031
0.014582157135009766
0.02943706512451172
0.015757083892822266
0.01519012451171875
0.014402151107788086
0.01530909538269043
0.015096902847290039
0.014468193054199219
0.014982223510742188
0.01377415657043457
0.01425790786743164
0.01497197151184082
0.014593839645385742
0.014439105987548828
0.014082908630371094
0.014792919158935547
0.013932943344116211
0.01535487174987793
0.014830827713012695
0.015045166015625
0.014544010162353516
0.014421939849853516
0.014936208724975586
0.014655828475952148
0.01621389389038086
0.013899087905883789
0.014114141464233398
0.014019966125488281
0.013807058334350586
0.014075994491577148
0.013724088668823242
0.01794290542602539
0.02852773666381836
0.01844477653503418
0.014371156692504883
0.014982223510742188
0.014681100845336914
0.015194177627563477
0.019828081130981445
0.014385223388671875
0.014240026473999023
0.01412200927734375
0.0145263671875
0.014386892318725586
0.014890909194946289
0.014768838882446289
0.01504206657409668
0.014365196228027344
0.014472246170043945
0.014087200164794922
0.014582157135009766
0.032594919204711914
0.015436172485351562
0.014853239059448242
0.014992237091064453
0.015223026275634766
0.01434183120727539
0.01385498046875
0.01405477523803711
0.013752937316894531
0.014753103256225586
0.013754844665527344
0.013971805572509766
0.014431953430175781
0.012990951538085938
0.014822721481323242
0.014317989349365234
0.015142679214477539
0.014142990112304688
0.01504206657409668
0.015313863754272461
0.014539003372192383
0.01354217529296875
0.01454615592956543
0.014760017395019531
0.014399051666259766
0.041409969329833984
0.01369619369506836
0.014996051788330078
0.015262126922607422
0.014850854873657227
0.013923883438110352
0.014272928237915039
0.01422119140625
0.013747930526733398
0.014236211776733398
0.014494895935058594
0.013837099075317383
0.01428365707397461
0.014288902282714844
0.014439105987548828
0.013829231262207031
0.01406407356262207
0.014962196350097656
0.013983011245727539
0.014198064804077148
0.01424717903137207
0.01407480239868164
0.013705968856811523
0.01422882080078125
0.018957138061523438
0.0240631103515625
0.014026165008544922
0.014517068862915039
0.014583110809326172
0.014584064483642578
0.01406407356262207
0.014279842376708984
0.014457225799560547
0.014355897903442383
0.014132022857666016
0.013566017150878906
0.01411581039428711
0.014629840850830078
0.013840913772583008
0.01505899429321289
0.014041662216186523
0.01305389404296875
0.014448881149291992
0.014282941818237305
0.014531135559082031
0.014349937438964844
0.014545917510986328
0.014086008071899414
0.01393580436706543
0.014714956283569336
0.013834953308105469
0.014512062072753906
0.014465808868408203
0.026871919631958008
0.02536487579345703
0.014688968658447266
0.01447916030883789
0.013792037963867188
0.01306605339050293
0.014042139053344727
0.014456987380981445
0.01393890380859375
0.0145111083984375
0.014575958251953125
0.014466047286987305
0.014821052551269531
0.014273643493652344
0.014358997344970703
0.01478123664855957
0.014265060424804688
0.014853954315185547
0.014289379119873047
0.014790058135986328
0.01369333267211914
0.03099799156188965
0.015080928802490234
0.015647172927856445
0.014130115509033203
0.01481485366821289
0.014328956604003906
0.015137910842895508
0.013298273086547852
0.014596223831176758
0.015984296798706055
0.015439987182617188
0.015659093856811523
0.014185905456542969
0.015414714813232422
0.014410972595214844
0.014499187469482422
0.013605117797851562
0.014354944229125977
0.014806032180786133
0.014065742492675781
0.01402902603149414
0.013633012771606445
0.014774084091186523
0.013611078262329102
0.013998985290527344
0.014015913009643555
0.01413416862487793
0.014857053756713867
0.013898372650146484
0.013838052749633789
0.014613866806030273
0.03810000419616699
0.015481233596801758
0.015039205551147461
0.014111995697021484
0.015517950057983398
0.014456033706665039
0.015086174011230469
0.014241218566894531
0.014421939849853516
0.019263029098510742
0.018733978271484375
0.015616893768310547
0.0315401554107666
0.015453815460205078
0.014310836791992188
0.01345372200012207
0.013670206069946289
0.014332056045532227
0.014723062515258789
0.014621973037719727
0.014487981796264648
0.013750076293945312
0.013559103012084961
0.014283180236816406
0.014461755752563477
0.014646768569946289
0.014185905456542969
0.014210939407348633
0.013574838638305664
0.013979196548461914
0.013957738876342773
0.01393580436706543
0.013893842697143555
0.014113187789916992
0.013909339904785156
0.013640165328979492
0.01477193832397461
0.014213800430297852
0.015572071075439453
0.017717361450195312
0.014343976974487305
0.01401376724243164
0.01421499252319336
0.014581680297851562
0.013650894165039062
0.020354747772216797
0.03556990623474121
0.014344930648803711
0.01566910743713379
0.014368057250976562
0.01590704917907715
0.01589369773864746
0.014719009399414062
0.015490055084228516
0.03242802619934082
0.014847993850708008
0.014199018478393555
0.01454305648803711
0.014589071273803711
0.014313936233520508
0.014261960983276367
0.014043807983398438
0.014198064804077148
0.013988733291625977
0.013736963272094727
0.014878988265991211
0.014816045761108398
0.014624834060668945
0.013756990432739258
0.01353907585144043
0.014809131622314453
0.013705253601074219
0.014565229415893555
0.013982057571411133
0.014605998992919922
0.014454841613769531
0.013617753982543945
0.014562129974365234
0.014627933502197266
0.014095306396484375
0.014034271240234375
0.01413583755493164
0.013946771621704102
0.01369786262512207
0.014080047607421875
0.013809919357299805
0.0143890380859375
0.014246225357055664
0.01392507553100586
0.013642072677612305
0.014765024185180664
0.014066934585571289
0.01398611068725586
0.014976024627685547
0.014138936996459961
0.027479171752929688
0.02187800407409668
0.01401209831237793
0.013489961624145508
0.014036893844604492
0.014513015747070312
0.014518022537231445
0.013942718505859375
0.01372218132019043
0.02387523651123047
0.017719030380249023
0.013879060745239258
0.014514923095703125
0.013847112655639648
0.01430821418762207
0.014028787612915039
0.014171838760375977
0.014320850372314453
0.014503002166748047
0.01409292221069336
0.015149116516113281
0.014638900756835938
0.013241291046142578
0.013859033584594727
0.014646053314208984
0.014116048812866211
0.014896869659423828
0.013959884643554688
0.014586687088012695
0.013941049575805664
0.013557910919189453
0.014183998107910156
0.014317750930786133
0.015661001205444336
0.014165878295898438
0.018037080764770508
0.01717233657836914
0.015295028686523438
0.014548063278198242
0.015383720397949219
0.014194965362548828
0.014454841613769531
0.014058113098144531
0.014194011688232422
0.014529943466186523
0.013675928115844727
0.014625072479248047
0.013300418853759766
0.03185105323791504
0.020077943801879883
0.014477968215942383
0.014242887496948242
0.015517950057983398
0.013961076736450195
0.014619827270507812
0.014674901962280273
0.015185832977294922
0.014868021011352539
0.028236865997314453
0.01769709587097168
0.01479196548461914
0.014700889587402344
0.015135049819946289
0.014546871185302734
0.014252901077270508
0.014382123947143555
0.01319122314453125
0.014405250549316406
0.01386713981628418
0.01417088508605957
0.013828039169311523
0.013931035995483398
0.013720035552978516
0.013916969299316406
0.018169879913330078
0.01732802391052246
0.014202117919921875
0.014117002487182617
0.014299869537353516
0.014471292495727539
0.014388799667358398
0.012691974639892578
0.014720916748046875
0.013936042785644531
0.013921976089477539
0.01433706283569336
0.01417994499206543
0.014621973037719727
0.013909101486206055
0.014046907424926758
0.013996124267578125
0.01380610466003418
0.014662742614746094
0.013751029968261719
0.014333009719848633
0.014650106430053711
0.017009973526000977
0.03205704689025879
0.01631784439086914
0.014671802520751953
0.014781951904296875
0.015004873275756836
0.015400886535644531
0.015197038650512695
0.015440225601196289
0.01488804817199707
0.01538705825805664
0.013838768005371094
0.02274012565612793
0.023794889450073242
0.015488147735595703
0.01482701301574707
0.015249967575073242
0.014205217361450195
0.014554023742675781
0.013180017471313477
0.014447212219238281
0.013720035552978516
0.013326883316040039
0.01471090316772461
0.014385223388671875
0.014593839645385742
0.013620853424072266
0.014220952987670898
0.015188217163085938
0.013720989227294922
0.014605998992919922
0.013939380645751953
0.019242048263549805
0.01440572738647461
0.014646053314208984
0.013758182525634766
0.014646053314208984
0.014461994171142578
0.014436721801757812
0.015892982482910156
0.014574766159057617
0.014651060104370117
0.015420198440551758
0.015471935272216797
0.013454914093017578
0.015537023544311523
0.041088104248046875
0.014233827590942383
0.014827966690063477
0.013665914535522461
0.013494014739990234
0.01460409164428711
0.013933897018432617
0.014043092727661133
0.013968229293823242
0.013769865036010742
0.014319896697998047
0.013643980026245117
0.014580011367797852
0.014564275741577148
0.014314889907836914
0.014371871948242188
0.01346731185913086
0.022795915603637695
0.02066516876220703
0.014265060424804688
0.01417994499206543
0.014452934265136719
0.013517141342163086
0.014264822006225586
0.013762950897216797
0.014062166213989258
0.013882160186767578
0.014369010925292969
0.01291799545288086
0.01484990119934082
0.014597177505493164
0.013878107070922852
0.015187978744506836
0.01438283920288086
0.013763189315795898
0.01401209831237793
0.014017105102539062
0.014290809631347656
0.013757944107055664
0.014358997344970703
0.014035940170288086
0.014838218688964844
0.013195991516113281
0.014034032821655273
0.014410018920898438
0.01404714584350586
0.014498233795166016
0.026940345764160156
0.022616147994995117
0.01425027847290039
0.014619112014770508
0.013636112213134766
0.014302253723144531
0.014240026473999023
0.014357805252075195
0.013650894165039062
0.014845848083496094
0.013675928115844727
0.014569997787475586
0.014559030532836914
0.014763116836547852
0.014225244522094727
0.015118122100830078
0.014395952224731445
0.020547866821289062
0.024199962615966797
0.015411853790283203
0.015663862228393555
0.014613866806030273
0.016005277633666992
0.016096830368041992
0.01627206802368164
0.015798091888427734
0.016240835189819336
0.015605926513671875
0.016447067260742188
0.015583992004394531
0.01528310775756836
0.016887187957763672
0.017755985260009766
0.015014886856079102
0.014897346496582031
0.013919830322265625
0.01481175422668457
0.015424013137817383
0.014140129089355469
0.015495777130126953
0.014866113662719727
0.015342235565185547
0.015497922897338867
0.01471090316772461
0.014410972595214844
0.014462947845458984
0.015687942504882812
0.01545095443725586
0.016331195831298828
0.018401145935058594
0.03244900703430176
0.021279335021972656
0.01483297348022461
0.015372991561889648
0.015954256057739258
0.015798091888427734
0.01603412628173828
0.015609025955200195
0.015111923217773438
0.016610145568847656
0.015658140182495117
0.01581859588623047
0.015917062759399414
0.015842676162719727
0.015537023544311523
0.016026973724365234
0.015679121017456055
0.016132116317749023
0.03245902061462402
0.015555143356323242
0.015900850296020508
0.014413118362426758
0.015629053115844727
0.015218019485473633
0.015768051147460938
0.01574993133544922
0.014657020568847656
0.015651702880859375
0.01626276969909668
0.016933917999267578
0.015285015106201172
0.016499996185302734
0.014855146408081055
0.015761137008666992
0.015458106994628906
0.016126155853271484
0.015151262283325195
0.016625165939331055
0.015101909637451172
0.015337944030761719
0.015835046768188477
0.015918970108032227
0.01497507095336914
0.015017032623291016
0.01531982421875
0.014433145523071289
0.015849828720092773
0.014879226684570312
0.015335798263549805
0.03403782844543457
0.020880699157714844
0.01604604721069336
0.015383005142211914
0.016344785690307617
0.01495814323425293
0.01589679718017578
0.01600813865661621
0.014156103134155273
0.014743804931640625
0.01591968536376953
0.01597905158996582
0.016031742095947266
0.01554107666015625
0.015649795532226562
0.016602277755737305
0.03191518783569336
0.01792001724243164
0.01673603057861328
0.015140056610107422
0.016164064407348633
0.016787052154541016
0.015529870986938477
0.01503896713256836
0.018064022064208984
0.016735076904296875
0.01569986343383789
0.01551198959350586
0.016263961791992188
0.015105962753295898
0.016451120376586914
0.016134023666381836
0.015353202819824219
0.01764512062072754
0.015705108642578125
0.01537466049194336
0.015881776809692383
0.0152130126953125
0.015260934829711914
0.014494180679321289
0.01557302474975586
0.014355897903442383
0.03481793403625488
0.019848346710205078
0.014904975891113281
0.016424894332885742
0.016796112060546875
0.018687009811401367
0.016423940658569336
0.015684843063354492
0.01539301872253418
0.01595783233642578
0.015778064727783203
0.014852046966552734
0.015264034271240234
0.014592885971069336
0.015435218811035156
0.015311002731323242
0.015480279922485352
0.015360832214355469
0.01596379280090332
0.014986038208007812
0.03154301643371582
0.015736818313598633
0.01498103141784668
0.015536308288574219
0.016351938247680664
0.013606071472167969
0.015146970748901367
0.01571512222290039
0.015079975128173828
0.015011787414550781
0.015169143676757812
0.015335321426391602
0.015948057174682617
0.014488935470581055
0.014917850494384766
0.01528787612915039
0.014816999435424805
0.0157010555267334
0.015516042709350586
0.015607118606567383
0.015607118606567383
0.015311956405639648
0.016290903091430664
0.035588979721069336
0.020251989364624023
0.015545129776000977
0.015018939971923828
0.015091896057128906
0.015391826629638672
0.01495504379272461
0.01573920249938965
0.014518022537231445
0.01565384864807129
0.014477014541625977
0.015665054321289062
0.014400959014892578
0.016175031661987305
0.015237808227539062
0.01519012451171875
0.01599884033203125
0.015336751937866211
0.01551508903503418
0.015295982360839844
0.016508817672729492
0.015437126159667969
0.01581573486328125
0.015360116958618164
0.01636195182800293
0.016399145126342773
0.0152130126953125
0.014777660369873047
0.029031753540039062
0.019160032272338867
0.014855146408081055
0.016129016876220703
0.014739036560058594
0.015164852142333984
0.015295982360839844
0.015312910079956055
0.014976024627685547
0.015147924423217773
0.01656198501586914
0.01522517204284668
0.01586294174194336
0.014330148696899414
0.015510082244873047
0.015053987503051758
0.015504121780395508
0.015056133270263672
0.014800071716308594
0.021136045455932617
0.03000783920288086
0.018180131912231445
0.015726089477539062
0.01603412628173828
0.015820980072021484
0.015127897262573242
0.016292095184326172
0.014936208724975586
0.01627492904663086
0.015316963195800781
0.01555013656616211
0.015666961669921875
0.01707172393798828
0.014341115951538086
0.015074014663696289
0.01586008071899414
0.015084028244018555
0.015175342559814453
0.0149078369140625
0.015820980072021484
0.015146970748901367
0.015740156173706055
0.01456904411315918
0.014715909957885742
0.014561891555786133
0.015602827072143555
0.015391111373901367
0.015547752380371094
0.015285968780517578
0.015618085861206055
0.015829086303710938
0.030206918716430664
0.01650691032409668
0.016147851943969727
0.015066862106323242
0.016149044036865234
0.015163183212280273
0.015241146087646484
0.015000104904174805
0.015268802642822266
0.015519857406616211
0.015553951263427734
0.01483011245727539
0.015010833740234375
0.015183687210083008
0.015236854553222656
0.015570878982543945
0.015703678131103516
0.01770806312561035
0.03885698318481445
0.01680898666381836
0.018455028533935547
0.020304203033447266
0.020158052444458008
0.018548965454101562
0.018047094345092773
0.016288042068481445
0.014830827713012695
0.01485896110534668
0.01569199562072754
0.013993024826049805
0.015413045883178711
0.0158231258392334
0.015822887420654297
0.015491008758544922
0.015719890594482422
0.01572704315185547
0.01623821258544922
0.01611495018005371
0.015471696853637695
0.01495504379272461
0.016079187393188477
0.0164949893951416
0.020554065704345703
0.016697168350219727
0.015450716018676758
0.01493978500366211
0.015289783477783203
0.015260934829711914
0.028633832931518555
0.0160677433013916
0.01539468765258789
0.01576399803161621
0.015123367309570312
0.01590108871459961
0.015140771865844727
0.015535831451416016
0.015843868255615234
0.015066862106323242
0.015661001205444336
0.014837980270385742
0.014696121215820312
0.014594078063964844
0.016006946563720703
0.02395009994506836
0.02708601951599121
0.016920804977416992
0.014540910720825195
0.015752077102661133
0.015297889709472656
0.01519632339477539
0.014803171157836914
0.015204191207885742
0.015908002853393555
0.01464986801147461
0.015295028686523438
0.015037059783935547
0.01545405387878418
0.015479087829589844
0.01628279685974121
0.01561117172241211
0.016040802001953125
0.016000032424926758
0.016164779663085938
0.015629053115844727
0.015517950057983398
0.01696634292602539
0.017606258392333984
0.01735234260559082
0.01614999771118164
0.016063928604125977
0.015588045120239258
0.01543879508972168
0.030030012130737305
0.019813060760498047
0.016073942184448242
0.01600480079650879
0.016108036041259766
0.016170024871826172
0.016601085662841797
0.01582789421081543
0.01637887954711914
0.016031980514526367
0.015259027481079102
0.015742063522338867
0.016269922256469727
0.014642715454101562
0.014815092086791992
0.030400991439819336
0.021046876907348633
0.01562809944152832
0.015099287033081055
0.01569390296936035
0.015517950057983398
0.015858888626098633
0.015234947204589844
0.01517176628112793
0.01604485511779785
0.015382051467895508
0.015944957733154297
0.01483607292175293
0.016124725341796875
0.015430927276611328
0.016881942749023438
0.014557838439941406
0.017130136489868164
0.015413045883178711
0.016691923141479492
0.015221118927001953
0.015954256057739258
0.015442132949829102
0.0167391300201416
0.015205144882202148
0.016648054122924805
0.01674795150756836
0.020982027053833008
0.016052961349487305
0.015759944915771484
0.015665054321289062
0.015095949172973633
0.01543283462524414
0.015644073486328125
0.014554977416992188
0.015346050262451172
0.030315876007080078
0.017808914184570312
0.01561117172241211
0.015352725982666016
0.015301227569580078
0.016232967376708984
0.015335798263549805
0.016289949417114258
0.015236139297485352
0.01607823371887207
0.015128850936889648
0.015987873077392578
0.016070842742919922
0.02646183967590332
0.0323939323425293
0.016069889068603516
0.014494895935058594
0.015350103378295898
0.016217708587646484
0.015239953994750977
0.01574397087097168
0.014980077743530273
0.016154766082763672
0.016111135482788086
0.016792774200439453
0.01592230796813965
0.016330718994140625
0.016024112701416016
0.016381025314331055
0.016656875610351562
0.015666961669921875
0.015547990798950195
0.014885902404785156
0.015411853790283203
0.014193058013916016
0.01510310173034668
0.015182256698608398
0.015131950378417969
0.014811992645263672
0.01564788818359375
0.014662981033325195
0.015552997589111328
0.016003847122192383
0.015584945678710938
0.01436614990234375
0.013855934143066406
0.015861988067626953
0.015167951583862305
0.015645980834960938
0.01501321792602539
0.01539301872253418
0.027032136917114258
0.01802206039428711
0.015158891677856445
0.015250921249389648
0.014827966690063477
0.015266895294189453
0.015506982803344727
0.015041112899780273
0.016156911849975586
0.03150200843811035
0.019296884536743164
0.015731096267700195
0.01618814468383789
0.016207218170166016
0.016399145126342773
0.015743017196655273
0.01605081558227539
0.016386032104492188
0.016141176223754883
0.01588726043701172
0.01623082160949707
0.01523590087890625
0.01603102684020996
0.01718592643737793
0.016705036163330078
0.015625953674316406
0.014638900756835938
0.014384269714355469
0.014750957489013672
0.015695810317993164
0.015105009078979492
0.014434814453125
0.019310951232910156
0.016097068786621094
0.015264034271240234
0.01631903648376465
0.015561103820800781
0.01609492301940918
0.01653885841369629
0.016665935516357422
0.015267133712768555
0.0164337158203125
0.01568603515625
0.01547384262084961
0.01586604118347168
0.01529383659362793
0.016382217407226562
0.03438997268676758
0.014437198638916016
0.01574397087097168
0.014834880828857422
0.015938997268676758
0.015144109725952148
0.030456066131591797
0.021598339080810547
0.015219926834106445
0.01595592498779297
0.014539957046508789
0.015069961547851562
0.014538049697875977
0.016177892684936523
0.014957904815673828
0.014992713928222656
0.015096902847290039
0.015499114990234375
0.01464223861694336
0.01572418212890625
0.015032768249511719
0.016186237335205078
0.015425920486450195
0.01583123207092285
0.016310930252075195
0.015231847763061523
0.015352010726928711
0.015491962432861328
0.01607680320739746
0.01510477066040039
0.015496969223022461
0.015897274017333984
0.01604604721069336
0.014733076095581055
0.015501737594604492
0.014661788940429688
0.016583919525146484
0.01516413688659668
0.016013145446777344
0.014831304550170898
0.014214038848876953
0.01575183868408203
0.013929128646850586
0.026427030563354492
0.018198013305664062
0.01512289047241211
0.01581573486328125
0.014944076538085938
0.015375852584838867
0.01524496078491211
0.015312910079956055
0.015481948852539062
0.03978300094604492
0.015249013900756836
0.016106367111206055
0.01517629623413086
0.01512908935546875
0.01442408561706543
0.014822006225585938
0.015793800354003906
0.01614093780517578
0.015913963317871094
0.016614198684692383
0.015208005905151367
0.015891313552856445
0.014980077743530273
0.01580500602722168
0.015076875686645508
0.015474081039428711
0.015350818634033203
0.014912605285644531
0.015654802322387695
0.014306068420410156
0.015472173690795898
0.015204191207885742
0.018966197967529297
0.01487874984741211
0.015141010284423828
0.015455961227416992
0.015779972076416016
0.014702081680297852
0.015748977661132812
0.014715909957885742
0.014200925827026367
0.015325069427490234
0.014661788940429688
0.015555858612060547
0.026495933532714844
0.018369674682617188
0.015861034393310547
0.014466047286987305
0.01754283905029297
0.015301227569580078
0.0150299072265625
0.015753984451293945
0.014687776565551758
0.01746988296508789
0.03706192970275879
0.016501903533935547
0.01522207260131836
0.014492034912109375
0.016685962677001953
0.01588296890258789
0.015473127365112305
0.01391911506652832
0.01614093780517578
0.015743017196655273
0.016227006912231445
0.015990018844604492
0.01617598533630371
0.014969825744628906
0.01577281951904297
0.014946222305297852
0.015566110610961914
0.014599800109863281
0.014544010162353516
0.015382051467895508
0.013855218887329102
0.015220165252685547
0.015222787857055664
0.015796899795532227
0.014808893203735352
0.015722990036010742
0.014846086502075195
0.015100955963134766
0.014951944351196289
0.013733863830566406
0.01498103141784668
0.014954090118408203
0.015989065170288086
0.02638101577758789
0.01769876480102539
0.01579904556274414
0.014744997024536133
0.014219999313354492
0.014193058013916016
0.015169143676757812
0.015486001968383789
0.014905929565429688
0.0156252384185791
0.01459193229675293
0.03024911880493164
0.02109813690185547
0.014761924743652344
0.01600170135498047
0.017770051956176758
0.0196378231048584
0.017329931259155273
0.016237974166870117
0.016028881072998047
0.016674041748046875
0.014741897583007812
0.01536703109741211
0.014872074127197266
0.015479087829589844
0.014544963836669922
0.015472888946533203
0.01429295539855957
0.015147924423217773
0.015254020690917969
0.014862060546875
0.015369892120361328
0.015479087829589844
0.015041112899780273
0.014909982681274414
0.015292882919311523
0.01419377326965332
0.014657974243164062
0.020468950271606445
0.015262126922607422
0.015561103820800781
0.013792991638183594
0.015076875686645508
0.014552116394042969
0.014911174774169922
0.014515876770019531
0.016093015670776367
0.015325307846069336
0.015084981918334961
0.01497507095336914
0.030959129333496094
0.014160871505737305
0.01527714729309082
0.015119075775146484
0.016286849975585938
0.015380382537841797
0.016618967056274414
0.015454769134521484
0.01577615737915039
0.015464305877685547
0.015276193618774414
0.01441192626953125
0.03159976005554199
0.019922971725463867
0.015523910522460938
0.015089988708496094
0.014340877532958984
0.015498876571655273
0.015418052673339844
0.01494598388671875
0.016048192977905273
0.01520681381225586
0.01582813262939453
0.015069246292114258
0.01588296890258789
0.01514124870300293
0.016269207000732422
0.015679121017456055
0.01514291763305664
0.015472888946533203
0.01629495620727539
0.014721155166625977
0.015290975570678711
0.016017913818359375
0.014825820922851562
0.015265941619873047
0.01578974723815918
0.015060186386108398
0.01477503776550293
0.015720129013061523
0.014964818954467773
0.014986991882324219
0.015167951583862305
0.014386892318725586
0.015614032745361328
0.015310049057006836
0.015945911407470703
0.014958858489990234
0.01548314094543457
0.014795064926147461
0.015945911407470703
0.0324859619140625
0.01586627960205078
0.01513218879699707
0.015915870666503906
0.014429807662963867
0.016002178192138672
0.02717304229736328
0.030028104782104492
0.015350103378295898
0.016394853591918945
0.014934062957763672
0.015547752380371094
0.015117168426513672
0.014044761657714844
0.015597820281982422
0.015223979949951172
0.015440225601196289
0.014518022537231445
0.016028881072998047
0.014310836791992188
0.016421794891357422
0.015386104583740234
0.014875173568725586
0.014395952224731445
0.014804840087890625
0.01527714729309082
0.01478886604309082
0.015377044677734375
0.014714241027832031
0.015302896499633789
0.018519878387451172
0.015128135681152344
0.015495777130126953
0.015584945678710938
0.014824867248535156
0.015299081802368164
0.015140771865844727
0.014870882034301758
0.015258312225341797
0.014561176300048828
0.015982866287231445
0.014784097671508789
0.015503883361816406
0.014800786972045898
0.015098094940185547
0.014676094055175781
0.01408696174621582
0.014390945434570312
0.01453089714050293
0.016711950302124023
0.03759503364562988
0.025917768478393555
0.016054868698120117
0.015224933624267578
0.01452493667602539
0.014852285385131836
0.015620946884155273
0.014514923095703125
0.014954805374145508
0.014555931091308594
0.01519012451171875
0.01505589485168457
0.016546010971069336
0.015235185623168945
0.015828847885131836
0.014545917510986328
0.01500391960144043
0.014931917190551758
0.015205144882202148
0.016546010971069336
0.014123201370239258
0.015198230743408203
0.015119075775146484
0.015322208404541016
0.014581918716430664
0.015067815780639648
0.01495981216430664
0.016277074813842773
0.015481233596801758
0.015510797500610352
0.015953779220581055
0.01635599136352539
0.015002965927124023
0.0147247314453125
0.01593303680419922
0.014421939849853516
0.01512598991394043
0.015045881271362305
0.015618085861206055
0.014606952667236328
0.015131950378417969
0.015139102935791016
0.014221906661987305
0.015448808670043945
0.015299081802368164
0.015134096145629883
0.04007911682128906
0.027136802673339844
0.014966011047363281
0.015915870666503906
0.015275955200195312
0.015940189361572266
0.01547694206237793
0.01595282554626465
0.014999866485595703
0.01569199562072754
0.015746116638183594
0.016857147216796875
0.015024900436401367
0.015429019927978516
0.015494108200073242
0.016149044036865234
0.015761852264404297
0.0152740478515625
0.01587986946105957
0.01500082015991211
0.015471935272216797
0.015234947204589844
0.015159130096435547
0.014966726303100586
0.014996051788330078
0.015611886978149414
0.019311904907226562
0.01595592498779297
0.01465606689453125
0.014461040496826172
0.015259742736816406
0.01543879508972168
0.014947891235351562
0.015390872955322266
0.01483297348022461
0.015457868576049805
0.015017986297607422
0.01519918441772461
0.01428675651550293
0.01442098617553711
0.015111923217773438
0.014920234680175781
0.014930963516235352
0.015152931213378906
0.01576399803161621
0.015156984329223633
0.01875615119934082
0.029250144958496094
0.02978992462158203
0.018489837646484375
0.015255212783813477
0.016821861267089844
0.01541900634765625
0.01642608642578125
0.015591859817504883
0.01592707633972168
0.01427602767944336
0.01660919189453125
0.01494288444519043
0.015478134155273438
0.015397071838378906
0.015347957611083984
0.014912843704223633
0.015718936920166016
0.015453815460205078
0.01778101921081543
0.014940261840820312
0.01457977294921875
0.013932943344116211
0.01511693000793457
0.01548910140991211
0.014325141906738281
0.015306949615478516
0.014628171920776367
0.014753103256225586
0.014781951904296875
0.014891624450683594
0.015243053436279297
0.014329910278320312
0.015075206756591797
0.014306783676147461
0.01643514633178711
