0.014715194702148438
0.013188838958740234
0.012948989868164062
0.013173103332519531
0.012027978897094727
0.01279902458190918
0.012562990188598633
0.013145208358764648
0.01247715950012207
0.01293802261352539
0.012969017028808594
0.012398958206176758
0.011710882186889648
0.012986898422241211
0.012719869613647461
0.013022899627685547
0.011538982391357422
0.012912750244140625
0.01282191276550293
0.012515068054199219
0.011816024780273438
0.013100147247314453
0.01258707046508789
0.011950254440307617
0.013103008270263672
0.012358903884887695
0.012584209442138672
0.013738870620727539
0.023341894149780273
0.019610166549682617
0.013787984848022461
0.013760089874267578
0.012897968292236328
0.011696100234985352
0.01265406608581543
0.013199806213378906
0.013462066650390625
0.01290583610534668
0.011901140213012695
0.013112068176269531
0.012993097305297852
0.012054920196533203
0.012037038803100586
0.012842893600463867
0.012768030166625977
0.01205301284790039
0.012791156768798828
0.012453079223632812
0.016833066940307617
0.0145721435546875
0.012089967727661133
0.012042999267578125
0.012169122695922852
0.012250900268554688
0.012983083724975586
0.011655092239379883
0.012567758560180664
0.013054847717285156
0.012462139129638672
0.012360095977783203
0.012485265731811523
0.012742996215820312
0.013194084167480469
0.01130819320678711
0.013281822204589844
0.012867212295532227
0.012178897857666016
0.011445045471191406
0.012814044952392578
0.012847900390625
0.012317895889282227
0.01240992546081543
0.012746095657348633
0.013143777847290039
0.012715816497802734
0.011878013610839844
0.013134002685546875
0.013110876083374023
0.01265573501586914
0.013470172882080078
0.012336015701293945
0.012642145156860352
0.012865781784057617
0.011872053146362305
0.01203298568725586
0.012858867645263672
0.013226985931396484
0.012897014617919922
0.012019157409667969
0.012768030166625977
0.0135498046875
0.012567996978759766
0.01155710220336914
0.012800216674804688
0.012456893920898438
0.012581825256347656
0.011540889739990234
0.012511968612670898
0.01269078254699707
0.012963056564331055
0.011888980865478516
0.013514041900634766
0.01293802261352539
0.012530803680419922
0.01235198974609375
0.012146234512329102
0.012346982955932617
0.012501716613769531
0.01151585578918457
0.013226032257080078
0.012599945068359375
0.01233816146850586
0.012310028076171875
0.01268315315246582
0.01291513442993164
0.01550912857055664
0.024132251739501953
0.01792001724243164
0.012260913848876953
0.012672901153564453
0.013319253921508789
0.012076854705810547
0.012807130813598633
0.012175798416137695
0.013180971145629883
0.011613130569458008
0.012682914733886719
0.01255178451538086
0.012669086456298828
0.011728048324584961
0.01303720474243164
0.012919902801513672
0.012957096099853516
0.011972665786743164
0.01251077651977539
0.012283086776733398
0.012740135192871094
0.01165008544921875
0.012285947799682617
0.01282501220703125
0.012154102325439453
0.01197504997253418
0.012877225875854492
0.012672901153564453
0.013309955596923828
0.011608123779296875
0.0126800537109375
0.013934135437011719
0.013080835342407227
0.01258397102355957
0.012134075164794922
0.012773752212524414
0.012320995330810547
0.015461206436157227
0.01190185546875
0.012479066848754883
0.012665033340454102
0.012830972671508789
0.012359142303466797
0.01306915283203125
0.012359857559204102
0.012903213500976562
0.011920928955078125
0.012430906295776367
0.012491941452026367
0.012147903442382812
0.011956930160522461
0.01258707046508789
0.012441158294677734
0.011575937271118164
0.0131988525390625
0.01312708854675293
0.01205301284790039
0.01276707649230957
0.011699199676513672
0.012783050537109375
0.012550830841064453
0.012487173080444336
0.011626958847045898
0.012368917465209961
0.012633800506591797
0.012087106704711914
0.01203298568725586
0.013281822204589844
0.01231694221496582
0.012165069580078125
0.01215982437133789
0.01235818862915039
0.012398242950439453
0.012170076370239258
0.012792110443115234
0.012938976287841797
0.01259303092956543
0.01164865493774414
0.012266874313354492
0.01356196403503418
0.01224827766418457
0.012248992919921875
0.012225151062011719
0.012629032135009766
0.012766361236572266
0.012344121932983398
0.011762380599975586
0.02019190788269043
0.021366119384765625
0.01604294776916504
0.011689901351928711
0.012758016586303711
0.014336109161376953
0.013382911682128906
0.012202024459838867
0.01331186294555664
0.013378143310546875
0.013432979583740234
0.013484954833984375
0.013457298278808594
0.012763261795043945
0.013107061386108398
0.013495922088623047
0.013853311538696289
0.013995885848999023
0.013211727142333984
0.015625953674316406
0.013883113861083984
0.01421499252319336
0.01448822021484375
0.014003992080688477
0.014723777770996094
0.013354063034057617
0.013751029968261719
0.014146089553833008
0.014631032943725586
0.01505589485168457
0.014082908630371094
0.012283086776733398
0.013195037841796875
0.01384878158569336
0.014115095138549805
0.012911319732666016
0.013130903244018555
0.013384819030761719
0.014143228530883789
0.013291120529174805
0.014734983444213867
0.01340794563293457
0.013614892959594727
0.012690067291259766
0.01367497444152832
0.013908863067626953
0.013315200805664062
0.014286041259765625
0.012866973876953125
0.014664888381958008
0.01330709457397461
0.013653993606567383
0.014756202697753906
0.01239776611328125
0.012498855590820312
0.013210773468017578
0.012473106384277344
0.012954950332641602
0.018131017684936523
0.022940874099731445
0.020455121994018555
0.01816582679748535
0.017490148544311523
0.015191078186035156
0.014522790908813477
0.014329910278320312
0.015215873718261719
0.014210700988769531
0.01367497444152832
0.012682914733886719
0.013826608657836914
0.014798879623413086
0.013876914978027344
0.015039205551147461
0.014722108840942383
0.013719797134399414
0.013747930526733398
0.014008760452270508
0.013826131820678711
0.013484001159667969
0.015422821044921875
0.01563405990600586
0.016617298126220703
0.017322063446044922
0.018053770065307617
0.017253875732421875
0.014737844467163086
0.016731739044189453
0.02154994010925293
0.02538299560546875
0.0200650691986084
0.013940095901489258
0.013812065124511719
0.015857934951782227
0.017197132110595703
0.01791214942932129
0.014010190963745117
0.014369010925292969
0.015356063842773438
0.014751195907592773
0.014423131942749023
0.013801097869873047
0.01335597038269043
0.013334035873413086
0.014367103576660156
0.014059782028198242
0.013466835021972656
0.013143062591552734
0.011617898941040039
0.013289928436279297
0.014318227767944336
0.015362024307250977
0.016326189041137695
0.019385099411010742
0.01589512825012207
0.016958951950073242
0.016583919525146484
0.013754844665527344
0.014008045196533203
0.013842105865478516
0.013660192489624023
0.01370096206665039
0.01353907585144043
0.013441085815429688
0.014119148254394531
0.014519214630126953
0.017916202545166016
0.019906044006347656
0.018400907516479492
0.017400264739990234
0.015407800674438477
0.01906108856201172
0.016061067581176758
0.016405105590820312
0.018592119216918945
0.016225099563598633
0.017656803131103516
0.016326904296875
0.015100955963134766
0.013448953628540039
0.013184070587158203
0.012335062026977539
0.01292276382446289
0.013144969940185547
0.013052940368652344
0.013221979141235352
0.01324605941772461
0.013948202133178711
0.014792203903198242
0.014058113098144531
0.014177083969116211
0.013700723648071289
0.013983011245727539
0.014285087585449219
0.014313936233520508
0.014121055603027344
0.014095067977905273
0.014452934265136719
0.01383209228515625
0.012876033782958984
0.01426386833190918
0.014354228973388672
0.014219999313354492
0.014982938766479492
0.014091730117797852
0.012996196746826172
0.013244152069091797
0.013292074203491211
0.013443708419799805
0.012197256088256836
0.01350712776184082
0.012863874435424805
0.013206958770751953
0.012505769729614258
0.011584043502807617
0.012951135635375977
0.012841939926147461
0.018062114715576172
0.031052589416503906
0.012837886810302734
0.011441946029663086
0.013409137725830078
0.013596296310424805
0.013216972351074219
0.015125036239624023
0.014326095581054688
0.014373064041137695
0.014543294906616211
0.013604164123535156
0.01247262954711914
0.01405191421508789
0.013627052307128906
0.013130664825439453
0.013085126876831055
0.012882232666015625
0.013519048690795898
0.013638973236083984
0.01351618766784668
0.014833927154541016
0.017401695251464844
0.015109777450561523
0.013012886047363281
0.01352691650390625
0.013567924499511719
0.013091802597045898
0.014154911041259766
0.012468099594116211
0.012598037719726562
0.013502836227416992
0.013364791870117188
0.012418985366821289
0.012428760528564453
0.013614892959594727
0.013032913208007812
0.012530803680419922
0.012803077697753906
0.012542963027954102
0.013013839721679688
0.01396489143371582
0.013073921203613281
0.014140844345092773
0.014021873474121094
0.014060020446777344
0.013533830642700195
0.014048099517822266
0.013768911361694336
0.012852191925048828
0.014348983764648438
0.013775825500488281
0.01424407958984375
0.013876914978027344
0.01294708251953125
0.013705015182495117
0.013502836227416992
0.013695001602172852
0.013444900512695312
0.013362884521484375
0.013358831405639648
0.013942956924438477
0.013194084167480469
0.013923168182373047
0.01468801498413086
0.012128114700317383
0.013731956481933594
0.012933015823364258
0.013135910034179688
0.013170957565307617
0.01222681999206543
0.013795852661132812
0.013043880462646484
0.012965917587280273
0.013072967529296875
0.012428760528564453
0.012926101684570312
0.01359701156616211
0.013353109359741211
0.012717962265014648
0.012205839157104492
0.012737035751342773
0.012967824935913086
0.013609886169433594
0.01199197769165039
0.013388872146606445
0.013485193252563477
0.013330936431884766
0.025980234146118164
0.02193284034729004
0.01253199577331543
0.012807846069335938
0.013854026794433594
0.013895034790039062
0.012466192245483398
0.013914823532104492
0.013025045394897461
0.013089895248413086
0.01314091682434082
0.012227058410644531
0.013556957244873047
0.013216972351074219
0.012969017028808594
0.012695074081420898
0.012068986892700195
0.013064861297607422
0.013073921203613281
0.01338815689086914
0.011870861053466797
0.012907981872558594
0.012697219848632812
0.013222217559814453
0.011947154998779297
0.013929367065429688
0.013226032257080078
0.013810873031616211
0.013778209686279297
0.011545896530151367
0.01355600357055664
0.013648033142089844
0.013037919998168945
0.014310836791992188
0.011940240859985352
0.014435052871704102
0.013234853744506836
0.013514995574951172
0.01342320442199707
0.011586904525756836
0.013049840927124023
0.013506174087524414
0.013226032257080078
0.012435197830200195
0.01241302490234375
0.012995719909667969
0.01258707046508789
0.013265132904052734
0.01231694221496582
0.012724876403808594
0.015083789825439453
0.014195919036865234
0.016571044921875
0.01561284065246582
0.012913703918457031
0.013916015625
0.013493061065673828
0.013139963150024414
0.014263153076171875
0.013275146484375
0.011740922927856445
0.013628005981445312
0.012781143188476562
0.013262033462524414
0.011616945266723633
0.012627124786376953
0.01300501823425293
0.013129234313964844
0.013200998306274414
0.011940717697143555
0.012792110443115234
0.013219833374023438
0.012815237045288086
0.01302194595336914
0.012851953506469727
0.013735055923461914
0.012771129608154297
0.012661933898925781
0.01183009147644043
0.01251077651977539
0.012357950210571289
0.011326789855957031
0.012881040573120117
0.012147903442382812
0.012661933898925781
0.013074874877929688
0.025155067443847656
0.01874375343322754
0.01238107681274414
0.012681007385253906
0.011290788650512695
0.012591123580932617
0.012660980224609375
0.013022184371948242
0.01187896728515625
0.012339115142822266
0.012608051300048828
0.013023853302001953
0.011366128921508789
0.012890100479125977
0.012429952621459961
0.011533021926879883
0.012292861938476562
0.012507200241088867
0.012739181518554688
0.011813879013061523
0.01226186752319336
0.012890100479125977
0.012450933456420898
0.011634111404418945
0.012671232223510742
0.012641191482543945
0.012661933898925781
0.011656999588012695
0.01370096206665039
0.014843225479125977
0.013383150100708008
0.013046979904174805
0.012164115905761719
0.013637065887451172
0.01275181770324707
0.012678146362304688
0.012636184692382812
0.011724710464477539
0.01219797134399414
0.011876106262207031
0.012636899948120117
0.012083768844604492
0.012645959854125977
0.01310586929321289
0.011359930038452148
0.012556076049804688
0.012696027755737305
0.01293802261352539
0.011647224426269531
0.012424945831298828
0.012529134750366211
0.01203608512878418
0.011922121047973633
0.013075828552246094
0.013130903244018555
0.012696981430053711
0.01278376579284668
0.011603116989135742
0.012471675872802734
0.013020992279052734
0.012048006057739258
0.012243986129760742
0.012113809585571289
0.011703968048095703
0.012086629867553711
0.012628793716430664
0.01301884651184082
0.012990236282348633
0.011889219284057617
0.012609004974365234
0.011826038360595703
0.011525154113769531
0.012265920639038086
0.01258993148803711
0.012498855590820312
0.011425018310546875
0.012456178665161133
0.012340784072875977
0.011901140213012695
0.012434959411621094
0.012149810791015625
0.012801170349121094
0.012079000473022461
0.012239933013916016
0.012225866317749023
0.012246847152709961
0.011924982070922852
0.01178884506225586
0.01236414909362793
0.012459039688110352
0.013180971145629883
0.024219036102294922
0.022124052047729492
0.013891935348510742
0.013379096984863281
0.01569390296936035
0.01593613624572754
0.013045072555541992
0.012073993682861328
0.0124053955078125
0.012949943542480469
0.012376070022583008
0.01156926155090332
0.012638092041015625
0.0123291015625
0.01116800308227539
0.0123748779296875
0.012585163116455078
0.012380838394165039
0.011445045471191406
0.012691020965576172
0.012845039367675781
0.011780023574829102
0.01320791244506836
0.01240086555480957
0.012266874313354492
0.011881113052368164
0.012192010879516602
0.012418031692504883
0.012923002243041992
0.0125579833984375
0.011307001113891602
0.012759923934936523
0.012380123138427734
0.012388944625854492
0.012656927108764648
0.012418270111083984
0.012875795364379883
0.0120849609375
0.01223611831665039
0.012428998947143555
0.01307225227355957
0.012499094009399414
0.012005805969238281
0.013115167617797852
0.01258707046508789
0.011404037475585938
0.012375116348266602
0.01282501220703125
0.012990236282348633
0.012286901473999023
0.0157928466796875
0.012409687042236328
0.012994766235351562
0.012695074081420898
0.01138615608215332
0.014381885528564453
0.012630939483642578
0.012379884719848633
0.013468265533447266
0.01135110855102539
0.0125732421875
0.013916015625
0.011728286743164062
0.012675046920776367
0.01240086555480957
0.012517929077148438
0.012568950653076172
0.012067079544067383
0.012420177459716797
0.01253199577331543
0.01323699951171875
0.011504888534545898
0.01214599609375
0.012598037719726562
0.011599063873291016
0.013085126876831055
0.012595891952514648
0.012945175170898438
0.011752128601074219
0.013176202774047852
0.012688875198364258
0.013113737106323242
0.011748790740966797
0.012401819229125977
0.012887001037597656
0.020687103271484375
0.022380828857421875
0.014014959335327148
0.012876033782958984
0.012626886367797852
0.013424158096313477
0.011755943298339844
0.012238740921020508
0.01235818862915039
0.01296091079711914
0.012228965759277344
0.01228189468383789
0.012771129608154297
0.012968778610229492
0.012206077575683594
0.011896133422851562
0.012624979019165039
0.012317895889282227
0.012022018432617188
0.011551141738891602
0.012486934661865234
0.012543916702270508
0.01257014274597168
0.012092113494873047
0.012408971786499023
0.012104272842407227
0.011815071105957031
0.014158010482788086
0.012722015380859375
0.012760162353515625
0.012270927429199219
0.012677907943725586
0.012564897537231445
0.013156890869140625
0.011871099472045898
0.011938095092773438
0.01267099380493164
0.012236833572387695
0.011531591415405273
0.012480020523071289
0.012176036834716797
0.013575077056884766
0.012334108352661133
0.011864900588989258
0.012550830841064453
0.012923955917358398
0.01143193244934082
0.012109994888305664
0.013051986694335938
0.01400303840637207
0.01300501823425293
0.01217508316040039
0.012466907501220703
0.012260198593139648
0.012532234191894531
0.011597156524658203
0.012247800827026367
0.012691974639892578
0.012237071990966797
0.012952089309692383
0.012445211410522461
0.012633085250854492
0.012659311294555664
0.012300252914428711
0.011980056762695312
0.012346267700195312
0.012223958969116211
0.012290239334106445
0.012830018997192383
0.01232290267944336
0.012082815170288086
0.011961221694946289
0.012972116470336914
0.012239694595336914
0.011860847473144531
0.012717008590698242
0.012631893157958984
0.01276540756225586
0.012264251708984375
0.012273788452148438
0.01278996467590332
0.012524127960205078
0.011790752410888672
0.011680126190185547
0.01242208480834961
0.012590885162353516
0.011962890625
0.012323856353759766
0.012663125991821289
0.01229095458984375
0.011889934539794922
0.012876033782958984
0.012302160263061523
0.013208866119384766
0.012681961059570312
0.02516794204711914
0.019723176956176758
0.013112068176269531
0.012409210205078125
0.011391878128051758
0.013150215148925781
0.012462139129638672
0.012218952178955078
0.01211404800415039
0.012362957000732422
0.012629985809326172
0.012768030166625977
0.011486053466796875
0.012617111206054688
0.013147830963134766
0.012247800827026367
0.012158870697021484
0.012830018997192383
0.01257014274597168
0.012637138366699219
0.011963129043579102
0.012665748596191406
0.013177871704101562
0.011823892593383789
0.012668848037719727
0.012330055236816406
0.012502670288085938
0.013092994689941406
0.012258052825927734
0.012466907501220703
0.012033700942993164
0.012157917022705078
0.012343883514404297
0.012607812881469727
0.01246190071105957
0.011804819107055664
0.012120962142944336
0.012907981872558594
0.012719154357910156
0.013797760009765625
0.011600971221923828
0.012672901153564453
0.012431144714355469
0.012953758239746094
0.011605978012084961
0.012659788131713867
0.013536691665649414
0.012212038040161133
0.011569738388061523
0.01346898078918457
0.01322484016418457
0.012969970703125
0.0114288330078125
0.012820005416870117
0.012871980667114258
0.013024091720581055
0.011634111404418945
0.012260675430297852
0.012281179428100586
0.012430191040039062
0.011519908905029297
0.012573003768920898
0.012559175491333008
0.01233816146850586
0.013011932373046875
0.01292109489440918
0.012172222137451172
0.012087106704711914
0.012150764465332031
0.01223611831665039
0.012804746627807617
0.01236104965209961
0.011236190795898438
0.013421773910522461
0.012737035751342773
0.012410163879394531
0.012074947357177734
0.012369871139526367
0.01273488998413086
0.012802839279174805
0.011699914932250977
0.012633800506591797
0.012521982192993164
0.011553764343261719
0.011943817138671875
0.013670921325683594
0.01240992546081543
0.011795282363891602
0.011909961700439453
0.012785911560058594
0.012382984161376953
0.011881828308105469
0.01316976547241211
0.012389183044433594
0.013435125350952148
0.02421283721923828
0.020331144332885742
0.013010978698730469
0.013184070587158203
0.012559890747070312
0.011150836944580078
0.01218414306640625
0.012801170349121094
0.012761116027832031
0.012531280517578125
0.012764215469360352
0.012319326400756836
0.012337923049926758
0.013174057006835938
0.011746883392333984
0.01268911361694336
0.013012886047363281
0.01208186149597168
0.011993885040283203
0.0124359130859375
0.012247800827026367
0.011700868606567383
0.012392997741699219
0.012849807739257812
0.012040853500366211
0.012588024139404297
0.012450933456420898
0.012379884719848633
0.011898994445800781
0.012108087539672852
0.01227116584777832
0.01271510124206543
0.012472152709960938
0.012351036071777344
0.012424945831298828
0.01221013069152832
0.012692928314208984
0.012007951736450195
0.012938976287841797
0.012292146682739258
0.011593103408813477
0.011918067932128906
0.013087749481201172
0.012567996978759766
0.012474298477172852
0.013878583908081055
0.015102863311767578
0.012358903884887695
0.013019800186157227
0.0116729736328125
0.012959003448486328
0.012034893035888672
0.012333154678344727
0.01151728630065918
0.01233816146850586
0.012428045272827148
0.012192010879516602
0.011924982070922852
0.011955976486206055
0.012384176254272461
0.012164115905761719
0.01187896728515625
0.012868881225585938
0.012373924255371094
0.01182699203491211
0.01201009750366211
0.01228785514831543
0.012161016464233398
0.01178288459777832
0.012602090835571289
0.012273788452148438
0.01293182373046875
0.011500120162963867
0.01323699951171875
0.012496232986450195
0.01212310791015625
0.011664867401123047
0.012647867202758789
0.01213383674621582
0.011403083801269531
0.012763261795043945
0.01278829574584961
0.012501001358032227
0.011553049087524414
0.012413263320922852
0.01235508918762207
0.014036893844604492
0.02405405044555664
0.019533872604370117
0.012900829315185547
0.012509822845458984
0.015860319137573242
0.014638900756835938
0.012693166732788086
0.015580892562866211
0.015587091445922852
0.014431953430175781
0.012317895889282227
0.013031005859375
0.011724710464477539
0.01214909553527832
0.012481689453125
0.012964248657226562
0.011205911636352539
0.012701034545898438
0.01215672492980957
0.011966228485107422
0.012253046035766602
0.01217794418334961
0.012573957443237305
0.01305699348449707
0.011524200439453125
0.01251673698425293
0.012168169021606445
0.01271510124206543
0.011928081512451172
0.01282811164855957
0.012954950332641602
0.013132095336914062
0.015967130661010742
0.0171048641204834
0.013505935668945312
0.012584924697875977
0.013097047805786133
0.012870073318481445
0.013675928115844727
0.011866092681884766
0.012745141983032227
0.012690067291259766
0.012486934661865234
0.01182413101196289
0.012490987777709961
0.012633800506591797
0.011774778366088867
0.012602090835571289
0.012118101119995117
0.011717796325683594
0.011790752410888672
0.012267112731933594
0.012378215789794922
0.012557029724121094
0.012390851974487305
0.01246500015258789
0.012463808059692383
0.012594938278198242
0.011432886123657227
0.012862920761108398
0.01249384880065918
0.012651920318603516
0.012029170989990234
0.012636899948120117
0.012621164321899414
0.012087106704711914
0.012563943862915039
0.012377262115478516
0.012573957443237305
0.011881828308105469
0.01246023178100586
0.012351036071777344
0.01244807243347168
0.012292146682739258
0.0129241943359375
0.012104988098144531
0.012423276901245117
0.01174306869506836
0.012952089309692383
0.012888669967651367
0.012798070907592773
0.012193918228149414
0.011631965637207031
0.012954950332641602
0.013502120971679688
0.024235010147094727
0.019530057907104492
0.012446165084838867
0.013540983200073242
0.01465606689453125
0.013180017471313477
0.011642217636108398
0.012263059616088867
0.01298213005065918
0.0117340087890625
0.012804985046386719
0.012588024139404297
0.012154102325439453
0.012037277221679688
0.012208223342895508
0.012479066848754883
0.013086795806884766
0.013049125671386719
0.01181793212890625
0.012596368789672852
0.012322187423706055
0.01194620132446289
0.013068199157714844
0.012385129928588867
0.012460947036743164
0.011947870254516602
0.012188911437988281
0.012593984603881836
0.012273073196411133
0.012521028518676758
0.011518239974975586
0.01246190071105957
0.011545896530151367
0.011868953704833984
0.01230311393737793
0.012151956558227539
0.01152181625366211
0.01213383674621582
0.012573003768920898
0.012026071548461914
0.011968851089477539
0.012578725814819336
0.012239217758178711
0.012054920196533203
0.011690139770507812
0.01231694221496582
0.012581110000610352
0.011771917343139648
0.012273073196411133
0.012955904006958008
0.012225151062011719
0.012630939483642578
0.012288093566894531
0.012434959411621094
0.012772083282470703
0.012421846389770508
0.012252092361450195
0.012806892395019531
0.012552976608276367
0.012290000915527344
0.011844873428344727
0.013271808624267578
0.011993169784545898
0.011631965637207031
0.014234066009521484
0.012915849685668945
0.012926101684570312
0.012294769287109375
0.011801004409790039
0.012759923934936523
0.012527227401733398
0.011861085891723633
0.011884927749633789
0.013643980026245117
0.012874841690063477
0.01202392578125
0.012256860733032227
0.012757062911987305
0.012466192245483398
0.012468814849853516
0.011223077774047852
0.0124053955078125
0.012533903121948242
0.012202024459838867
0.011345148086547852
0.012636184692382812
0.0127410888671875
0.012516975402832031
0.016364097595214844
0.022988080978393555
0.016882896423339844
0.012766122817993164
0.012955904006958008
0.011312007904052734
0.012535810470581055
0.013241052627563477
0.012800216674804688
0.012120723724365234
0.0129547119140625
0.012490034103393555
0.012022018432617188
0.012238740921020508
0.0124969482421875
0.012831926345825195
0.012005090713500977
0.012086629867553711
0.012318134307861328
0.012191057205200195
0.011269807815551758
0.01286005973815918
0.012943744659423828
0.011723995208740234
0.011847734451293945
0.012120962142944336
0.012475013732910156
0.012651920318603516
0.011647939682006836
0.01250004768371582
0.012749671936035156
0.011970043182373047
0.012394905090332031
0.013351202011108398
0.012132883071899414
0.012730836868286133
0.011553764343261719
0.012246847152709961
0.01278996467590332
0.011970758438110352
0.012333869934082031
0.012748003005981445
0.012721776962280273
0.011693000793457031
0.012202978134155273
0.012481927871704102
0.01297903060913086
0.012543201446533203
0.011970996856689453
0.012594938278198242
0.012421846389770508
0.012476205825805664
0.012186050415039062
0.012403011322021484
0.012565135955810547
0.011595964431762695
0.012402057647705078
0.012718677520751953
0.011701107025146484
0.012778997421264648
0.012488126754760742
0.012144088745117188
0.012820243835449219
0.012823104858398438
0.01244807243347168
0.011967897415161133
0.01169586181640625
0.012479066848754883
0.012810945510864258
0.012363195419311523
0.011892080307006836
0.01219034194946289
0.012833118438720703
0.012614011764526367
0.011956930160522461
0.012553930282592773
0.012801170349121094
0.012380123138427734
0.012480020523071289
0.011523008346557617
0.012676000595092773
0.013019800186157227
0.012130022048950195
0.012228965759277344
0.01233530044555664
0.012455940246582031
0.012185096740722656
0.012279033660888672
0.012608051300048828
0.012344121932983398
0.011452913284301758
0.012402057647705078
0.012313127517700195
0.012375116348266602
0.01156306266784668
0.0179440975189209
0.023636817932128906
0.0167691707611084
0.012223005294799805
0.01250004768371582
0.012202978134155273
0.012334823608398438
0.011664867401123047
0.012427091598510742
0.01236581802368164
0.013376951217651367
0.011729001998901367
0.012122869491577148
0.012306928634643555
0.012096881866455078
0.011389970779418945
0.01274871826171875
0.012623071670532227
0.01156306266784668
0.012601852416992188
0.012382984161376953
0.012221813201904297
0.012718915939331055
0.011567831039428711
0.013029813766479492
0.012308835983276367
0.012137174606323242
0.012348175048828125
0.013233184814453125
0.013153076171875
0.011460065841674805
0.012104034423828125
0.012719154357910156
0.012415885925292969
0.0120849609375
0.012595891952514648
0.012534141540527344
0.013278961181640625
0.011760950088500977
0.012140035629272461
0.012975931167602539
0.012179136276245117
0.011562108993530273
0.012317180633544922
0.01253819465637207
0.012250185012817383
0.011820077896118164
0.012417078018188477
0.012924909591674805
0.013427972793579102
0.012042999267578125
0.012560129165649414
0.012869119644165039
0.013532161712646484
0.012393951416015625
0.01262807846069336
0.013215780258178711
0.013226985931396484
0.01329183578491211
0.01169586181640625
0.013148784637451172
0.01286625862121582
0.012672901153564453
0.013440847396850586
0.012665748596191406
0.013145208358764648
0.014453887939453125
0.012781143188476562
0.01349496841430664
0.012576103210449219
0.013096809387207031
0.012890815734863281
0.012901067733764648
0.012756824493408203
0.013917922973632812
0.012453079223632812
0.012995004653930664
0.012112855911254883
0.012251138687133789
0.013822793960571289
0.012809991836547852
0.013311147689819336
0.012726068496704102
0.012933969497680664
0.013179302215576172
0.013059139251708984
0.01177978515625
0.012809038162231445
0.013113021850585938
0.012865066528320312
0.012885093688964844
0.012070894241333008
0.01323699951171875
0.013096332550048828
0.013753175735473633
0.011678218841552734
0.01287078857421875
0.013337135314941406
0.012449026107788086
0.011534929275512695
0.013529062271118164
0.014249086380004883
0.013660192489624023
0.023900270462036133
0.021681785583496094
0.012247085571289062
0.013383150100708008
0.012841224670410156
0.013059139251708984
0.012241125106811523
0.012586355209350586
0.01312398910522461
0.013053178787231445
0.012650012969970703
0.012322664260864258
0.012927055358886719
0.013272762298583984
0.012613058090209961
0.01222085952758789
0.012887954711914062
0.0126800537109375
0.012526988983154297
0.014525890350341797
0.013494014739990234
0.013637065887451172
0.01398324966430664
0.015053033828735352
0.013080120086669922
0.012504816055297852
0.013024091720581055
0.013684988021850586
0.012998104095458984
0.012841939926147461
0.012080907821655273
0.014014959335327148
0.012865066528320312
0.012965917587280273
0.011284828186035156
0.013080120086669922
0.012664794921875
0.013184070587158203
0.011420965194702148
0.01304316520690918
0.013386964797973633
0.012995719909667969
0.012629985809326172
0.012127161026000977
0.013032913208007812
0.013427019119262695
0.013903141021728516
0.011820793151855469
0.01256704330444336
0.01572728157043457
0.015765905380249023
0.01596999168395996
0.013628959655761719
0.012423992156982422
0.012372016906738281
0.013370037078857422
0.01301884651184082
0.013620138168334961
0.012364864349365234
0.012171745300292969
0.012816190719604492
0.013007164001464844
0.012050867080688477
0.013019084930419922
0.013746023178100586
0.01281428337097168
0.013599872589111328
0.01160287857055664
0.014020681381225586
0.012755155563354492
0.01341700553894043
0.0116119384765625
0.01283884048461914
0.012897014617919922
0.01293182373046875
0.012427806854248047
0.012543916702270508
0.012903928756713867
0.012768030166625977
0.01279592514038086
0.012271881103515625
0.013197898864746094
0.012611150741577148
0.012866020202636719
0.011519908905029297
0.013300895690917969
0.012794971466064453
0.013231992721557617
0.011497974395751953
0.012946844100952148
0.019423961639404297
0.021465063095092773
0.017583847045898438
0.012423992156982422
0.012933969497680664
0.016195058822631836
0.017360925674438477
0.016819000244140625
0.016522884368896484
0.016256093978881836
0.016563892364501953
0.013666868209838867
0.013684988021850586
0.013038158416748047
0.012591123580932617
0.0138397216796875
0.012608051300048828
0.013245105743408203
0.012212038040161133
0.012371063232421875
0.01305699348449707
0.01363992691040039
0.012697219848632812
0.012462139129638672
0.013988256454467773
0.013905048370361328
0.012846231460571289
0.012781858444213867
0.012224912643432617
0.012992143630981445
0.013254880905151367
0.013146162033081055
0.012445211410522461
0.014024972915649414
0.012961149215698242
0.012970924377441406
0.012827157974243164
0.011984825134277344
0.012892007827758789
0.013566970825195312
0.012928962707519531
0.0136871337890625
0.012695074081420898
0.013218879699707031
0.013303041458129883
0.014846324920654297
0.012753963470458984
0.013276815414428711
0.013068199157714844
0.014057159423828125
0.01328420639038086
0.012835025787353516
0.013192176818847656
0.013573169708251953
0.01310110092163086
0.013508081436157227
0.012499809265136719
0.012479782104492188
0.012953042984008789
0.012761116027832031
0.012362957000732422
0.012579917907714844
0.01329803466796875
0.014181852340698242
0.013525009155273438
0.012338876724243164
0.012675046920776367
0.012829065322875977
0.013415098190307617
0.013261079788208008
0.011450767517089844
0.012727022171020508
0.013184070587158203
0.0126800537109375
0.011986017227172852
0.013149023056030273
0.013119935989379883
0.012593984603881836
0.011812210083007812
0.013147830963134766
0.012839078903198242
0.01345372200012207
0.01308298110961914
0.013185739517211914
0.015057802200317383
0.014462947845458984
0.013333797454833984
0.013265848159790039
0.013518095016479492
0.012995243072509766
0.01336216926574707
0.012986898422241211
0.013286828994750977
0.012084007263183594
0.013525724411010742
0.013238906860351562
0.013051748275756836
0.012924909591674805
0.013026952743530273
0.012827873229980469
0.013548135757446289
0.01203012466430664
0.013571739196777344
0.012745857238769531
0.014401912689208984
0.011631965637207031
0.013255834579467773
0.01346898078918457
0.01345682144165039
0.013075828552246094
0.0115509033203125
0.012730121612548828
0.012693166732788086
0.01295614242553711
0.011873006820678711
0.013161897659301758
0.012858867645263672
0.013003110885620117
0.011678934097290039
0.013416051864624023
0.012965917587280273
0.013395071029663086
0.012789011001586914
0.012173175811767578
0.01276087760925293
0.013520956039428711
0.012865066528320312
0.011962890625
0.013143062591552734
0.013108015060424805
0.013507843017578125
0.01178598403930664
0.013512849807739258
0.012597084045410156
0.012912273406982422
0.012537002563476562
0.012198925018310547
0.014261007308959961
0.013183832168579102
0.013087987899780273
0.011718988418579102
0.01247715950012207
0.013479232788085938
0.012991905212402344
0.013265132904052734
0.01421213150024414
0.013181209564208984
0.013030290603637695
0.012900114059448242
0.012698173522949219
0.012174129486083984
0.012784004211425781
0.012584924697875977
0.012497901916503906
0.012230157852172852
0.01323699951171875
0.012833118438720703
0.013823986053466797
0.01169586181640625
0.013506889343261719
0.012746095657348633
0.013377189636230469
0.011467933654785156
0.012893915176391602
0.013608932495117188
0.012651205062866211
0.012245893478393555
0.012517213821411133
0.01270604133605957
0.012995719909667969
0.012544870376586914
0.01176595687866211
0.012684106826782227
0.012871026992797852
0.012486934661865234
0.013099908828735352
0.012130022048950195
0.012354850769042969
0.012212038040161133
0.01205301284790039
0.012730121612548828
0.0128631591796875
0.011757850646972656
0.013228893280029297
0.016535043716430664
0.024610042572021484
0.016905784606933594
0.012599945068359375
0.012130975723266602
0.012806177139282227
0.012397050857543945
0.012357950210571289
0.012718915939331055
0.013224124908447266
0.012562990188598633
0.011555671691894531
0.012192010879516602
0.012823104858398438
0.012624740600585938
0.012076139450073242
0.011887073516845703
0.012779712677001953
0.013000011444091797
0.011970996856689453
0.012356996536254883
0.012890100479125977
0.013124704360961914
0.012196063995361328
0.012378215789794922
0.012446165084838867
0.012475967407226562
0.013127803802490234
0.011660099029541016
0.012556076049804688
0.012423992156982422
0.012832880020141602
0.0124359130859375
0.012370109558105469
0.012418985366821289
0.011686086654663086
0.012419939041137695
0.012647151947021484
0.012450218200683594
0.011560916900634766
0.012398004531860352
0.012477874755859375
0.012749910354614258
0.011729955673217773
0.012317895889282227
0.012443780899047852
0.012147903442382812
0.011841058731079102
0.012309074401855469
0.012938976287841797
0.012382984161376953
0.011982917785644531
0.012434244155883789
0.01265716552734375
0.01233673095703125
0.012781858444213867
0.012949943542480469
0.012556076049804688
0.013404130935668945
0.01282191276550293
0.012511253356933594
0.01303720474243164
0.012401103973388672
0.012660026550292969
0.012595891952514648
0.012148857116699219
0.012221097946166992
0.012524127960205078
0.012319087982177734
0.012125015258789062
0.01250004768371582
0.011993169784545898
0.012665987014770508
0.01283407211303711
0.012624025344848633
0.011496782302856445
0.013908863067626953
0.01298379898071289
0.012766838073730469
0.012413978576660156
0.012463808059692383
0.012529850006103516
0.012670040130615234
0.01231527328491211
0.011210918426513672
0.012552976608276367
0.012607812881469727
0.011477947235107422
0.01275491714477539
0.018590927124023438
0.022545814514160156
0.01617908477783203
0.011915922164916992
0.012840986251831055
0.012633085250854492
0.012231111526489258
0.012102127075195312
0.012624979019165039
0.012745857238769531
0.01159811019897461
0.012288093566894531
0.012067079544067383
0.0131988525390625
0.013045072555541992
0.01252889633178711
0.012924909591674805
0.012849807739257812
0.012034893035888672
0.01208186149597168
0.012793779373168945
0.012386083602905273
0.012123823165893555
0.011775970458984375
0.012799978256225586
0.01229715347290039
0.011636972427368164
0.012119054794311523
0.012923955917358398
0.012331008911132812
0.011840105056762695
0.012721061706542969
0.01250004768371582
0.012818098068237305
0.012392282485961914
0.01212167739868164
0.012515068054199219
0.012272357940673828
0.012282133102416992
0.01223897933959961
0.012307882308959961
0.012206792831420898
0.011755943298339844
0.01317906379699707
0.013192176818847656
0.013287067413330078
0.011579275131225586
0.01283884048461914
0.012097835540771484
0.013971805572509766
0.015774965286254883
0.013150215148925781
0.012078285217285156
0.013067007064819336
0.012493610382080078
0.011171817779541016
0.013458967208862305
0.012139081954956055
0.013152122497558594
0.011664152145385742
0.0127410888671875
0.012324094772338867
0.012424945831298828
0.011581897735595703
0.014650821685791016
0.01656198501586914
0.01598381996154785
0.01478886604309082
0.013550996780395508
0.013074874877929688
0.012115955352783203
0.012292146682739258
0.012682199478149414
0.012404918670654297
0.012700080871582031
0.012140035629272461
0.012795209884643555
0.013265132904052734
0.01197195053100586
0.012199878692626953
0.012778997421264648
0.013007879257202148
0.01141500473022461
0.012722969055175781
0.012957096099853516
0.012830972671508789
0.011855125427246094
0.012454986572265625
0.013164997100830078
0.012764930725097656
0.011580228805541992
0.01216888427734375
0.013197898864746094
0.012518167495727539
0.011548757553100586
0.011931180953979492
0.012310028076171875
0.011776924133300781
0.012069940567016602
0.0248260498046875
0.02089214324951172
0.012027740478515625
0.01172494888305664
0.012207984924316406
0.013231754302978516
0.013251066207885742
0.012872934341430664
0.011293172836303711
0.01238393783569336
0.012475967407226562
0.011690139770507812
0.012389659881591797
0.012642145156860352
0.012331008911132812
0.011429071426391602
0.012456893920898438
0.013119935989379883
0.012588024139404297
0.011550188064575195
0.01318502426147461
0.01226496696472168
0.012418985366821289
0.012077808380126953
0.012451887130737305
0.012562990188598633
0.012073993682861328
0.011359930038452148
0.012568950653076172
0.012957096099853516
0.013231039047241211
0.012191057205200195
0.012369871139526367
0.01219487190246582
0.013144254684448242
0.01186990737915039
0.013238191604614258
0.012423038482666016
0.012491226196289062
0.01168680191040039
0.013135910034179688
0.012626886367797852
0.012819290161132812
0.011925935745239258
0.012060880661010742
0.012630939483642578
0.012753963470458984
0.011676788330078125
0.012276172637939453
0.012414932250976562
0.011353015899658203
0.012096881866455078
0.012495279312133789
0.012588977813720703
0.011481285095214844
0.012716054916381836
0.012744903564453125
0.012366056442260742
0.011699914932250977
0.01243901252746582
0.012376070022583008
0.012581110000610352
0.011424064636230469
0.012367010116577148
0.01244974136352539
0.012530088424682617
0.011729955673217773
0.013039827346801758
0.01226496696472168
0.011590957641601562
0.01253509521484375
0.012292146682739258
0.012551069259643555
0.011451959609985352
0.012614965438842773
0.013045787811279297
0.012192010879516602
0.011456012725830078
0.012523174285888672
0.012333869934082031
0.012198209762573242
0.01228785514831543
0.012617826461791992
0.012778997421264648
0.012974262237548828
0.012856006622314453
0.026288986206054688
0.01864004135131836
0.012479782104492188
0.012144088745117188
0.012711763381958008
0.012208938598632812
0.012592792510986328
0.012418031692504883
0.011299848556518555
0.014047861099243164
0.012613058090209961
0.012386083602905273
0.011647939682006836
0.012646913528442383
0.012748003005981445
0.011816263198852539
0.01336216926574707
0.012445211410522461
0.013030767440795898
0.01252889633178711
0.011712074279785156
0.013315677642822266
0.012314796447753906
0.012284278869628906
0.011996746063232422
0.012109756469726562
0.01291799545288086
0.013621807098388672
0.0126159191
0.011564016342163086
0.013150215148925781
0.012245893478393555
0.012777090072631836
0.012014150619506836
0.012323856353759766
0.012031078338623047
0.012880086898803711
0.01129603385925293
0.012193918228149414
0.012170076370239258
0.012498140335083008
0.011943340301513672
0.01337122917175293
0.012560844421386719
0.012040853500366211
0.011716842651367188
0.012841939926147461
0.012575149536132812
0.011716842651367188
0.012215137481689453
0.012459993362426758
0.012729883193969727
0.011524200439453125
0.012341976165771484
0.012609004974365234
0.012407779693603516
0.011443853378295898
0.012462139129638672
0.012399911880493164
0.011517047882080078
0.012665987014770508
0.013190984725952148
0.012840986251831055
0.011745929718017578
0.012714147567749023
0.012677907943725586
0.012948036193847656
0.01247715950012207
0.011324882507324219
0.012882232666015625
0.013298988342285156
0.01309514045715332
0.012130975723266602
0.01203298568725586
0.01317596435546875
0.011544227600097656
0.012221097946166992
0.01321101188659668
0.012749910354614258
0.012685060501098633
0.011651039123535156
0.01236104965209961
0.012400150299072266
0.012339115142822266
0.013471841812133789
0.012161016464233398
0.016637086868286133
0.022809982299804688
0.016811132431030273
0.012334108352661133
0.01276087760925293
0.012695074081420898
0.011590003967285156
0.013308286666870117
0.012638330459594727
0.012749195098876953
0.012063026428222656
0.012145280838012695
0.012728691101074219
0.012218236923217773
0.011782169342041016
0.012235879898071289
0.013369083404541016
0.012362957000732422
0.011491775512695312
0.012838363647460938
0.013004064559936523
0.011569976806640625
0.012801170349121094
0.012720108032226562
0.012764930725097656
0.01228189468383789
0.011572122573852539
0.012778997421264648
0.012471914291381836
0.011656045913696289
0.012070178985595703
0.01261591911315918
0.012583017349243164
0.012495040893554688
0.011814117431640625
0.012374162673950195
0.012172222137451172
0.011649131774902344
0.01314997673034668
0.012284278869628906
0.012405872344970703
0.011982202529907227
0.011595010757446289
0.012464761734008789
0.012526750564575195
0.011662006378173828
0.012408018112182617
0.012003183364868164
0.013394832611083984
0.011907100677490234
0.012780904769897461
0.01252293586730957
0.012354135513305664
0.012381792068481445
0.0123748779296875
0.012905120849609375
0.012454986572265625
0.011964082717895508
0.01315617561340332
0.012930154800415039
0.012495994567871094
0.011346817016601562
0.012853145599365234
0.012399911880493164
0.011538982391357422
0.012965202331542969
0.012359142303466797
0.012825965881347656
0.011521100997924805
0.012313127517700195
0.013440847396850586
0.012954235076904297
0.011640071868896484
0.012302160263061523
0.012405157089233398
0.012125253677368164
0.011858224868774414
0.012201786041259766
0.012494087219238281
0.012341976165771484
0.012245893478393555
0.01256871223449707
0.013322114944458008
0.011919260025024414
0.012533903121948242
0.012884855270385742
0.012732744216918945
0.01180410385131836
0.011692047119140625
0.013050079345703125
0.013010025024414062
0.012150049209594727
0.011420011520385742
0.012679815292358398
0.012717962265014648
0.012021064758300781
0.011778116226196289
0.02593398094177246
0.020318984985351562
0.012309074401855469
0.013430118560791016
0.012321710586547852
0.012130975723266602
0.012170076370239258
0.013231277465820312
0.012152910232543945
0.012824058532714844
0.012648820877075195
0.012157201766967773
0.011497974395751953
0.012768983840942383
0.012747764587402344
0.012573957443237305
0.01141810417175293
0.012562990188598633
0.012673616409301758
0.011425018310546875
0.012075662612915039
0.012777090072631836
0.012527227401733398
0.01123499870300293
0.012162923812866211
0.012697219848632812
0.011785268783569336
0.012158870697021484
0.012360811233520508
0.012459039688110352
0.011593818664550781
0.012333869934082031
0.012719154357910156
0.01285409927368164
0.011995315551757812
0.012138128280639648
0.012301206588745117
0.012199878692626953
0.012016057968139648
0.012253046035766602
0.012470006942749023
0.012989044189453125
0.011925935745239258
0.012167930603027344
0.012312889099121094
0.0120849609375
0.012610197067260742
0.012475967407226562
0.012430191040039062
0.012401103973388672
0.01190185546875
0.013076066970825195
0.012703895568847656
0.012826204299926758
0.011580944061279297
0.012998819351196289
0.012336969375610352
0.01203298568725586
0.012305259704589844
0.012469768524169922
0.013186216354370117
0.012106895446777344
0.011265039443969727
0.012567996978759766
0.012089014053344727
0.011662721633911133
0.01252603530883789
0.012295961380004883
0.012536048889160156
0.013864994049072266
0.012482881546020508
0.012986898422241211
0.012613058090209961
0.012162923812866211
0.013128995895385742
0.013193130493164062
0.01243901252746582
0.012109994888305664
0.012345075607299805
0.011991024017333984
0.013049125671386719
0.011831045150756836
0.012291669845581055
0.01230311393737793
0.012865066528320312
0.011326074600219727
0.012292861938476562
0.013617753982543945
0.013768196105957031
0.014534950256347656
0.01667499542236328
0.01379084587097168
0.012243032455444336
0.012696981430053711
0.012769222259521484
0.012465953826904297
0.011677980422973633
0.012501001358032227
0.020701885223388672
0.022314071655273438
0.015082120895385742
0.012312173843383789
0.012987852096557617
0.012243032455444336
0.011858940124511719
0.0129852294921875
0.012794733047485352
0.01236581802368164
0.013359785079956055
0.011877298355102539
0.013083219528198242
0.013353824615478516
0.012999773025512695
0.012202978134155273
0.01236581802368164
0.01299285888671875
0.013937950134277344
0.011822938919067383
0.012629985809326172
0.012579202651977539
0.012885093688964844
0.011554956436157227
0.012497901916503906
0.013687849044799805
0.012907981872558594
0.012124061584472656
0.01286172866821289
0.012046098709106445
0.012414216995239258
0.01194906234741211
0.012255191802978516
0.012489795684814453
0.01213693618774414
0.011590003967285156
0.012720823287963867
0.012753725051879883
0.012643098831176758
0.01195383071899414
0.012668848037719727
0.012068748474121094
0.01279306411743164
0.011795282363891602
0.012907028198242188
0.012210845947265625
0.013002872467041016
0.011535167694091797
0.012911081314086914
0.013296842575073242
0.012212038040161133
0.01181793212890625
0.01297903060913086
0.012762069702148438
0.012320995330810547
0.011986017227172852
0.012568950653076172
0.012163162231445312
0.012943029403686523
0.011433124542236328
0.012651920318603516
0.013235092163085938
0.012104034423828125
0.011796951293945312
0.012594938278198242
0.012459993362426758
0.011831045150756836
0.012413978576660156
0.012523174285888672
0.012600898742675781
0.011300802230834961
0.011919021606445312
0.013169050216674805
0.011978864669799805
0.012723922729492188
0.012015104293823242
0.01247406005859375
0.012359857559204102
0.011729001998901367
0.012639045715332031
0.012542247772216797
0.01248788833618164
0.011290311813354492
0.012762069702148438
0.01264500617980957
0.012385845184326172
0.013330936431884766
0.020111799240112305
0.02316117286682129
0.01708507537841797
0.01260519027709961
0.012833833694458008
0.012326717376708984
0.013108968734741211
0.012685060501098633
0.013005733489990234
0.01167607307434082
0.013049840927124023
0.013218879699707031
0.013245820999145508
0.011827945709228516
0.012932777404785156
0.013084888458251953
0.013347864151000977
0.012433052062988281
0.012491941452026367
0.012945175170898438
0.01289987564086914
0.012480020523071289
0.012563943862915039
0.012939214706420898
0.013299942016601562
0.01354074478149414
0.012670040130615234
0.012497186660766602
0.013100147247314453
0.012787818908691406
0.012518167495727539
0.012357234954833984
0.01291799545288086
0.012665271759033203
0.013896942138671875
0.011672019958496094
0.012807130813598633
0.01294088363647461
0.01416778564453125
0.012939929962158203
0.012637138366699219
0.012830972671508789
0.01302027702331543
0.01358795166015625
0.01291203498840332
0.013339042663574219
0.013251066207885742
0.013443231582641602
0.012951850891113281
0.011749982833862305
0.012542009353637695
0.011977195739746094
0.013502836227416992
0.01279592514038086
0.013563871383666992
0.011916637420654297
0.012900114059448242
0.012532234191894531
0.013617992401123047
0.012337923049926758
0.012803077697753906
0.012871980667114258
0.013145923614501953
0.012576818466186523
0.01191091537475586
0.012872934341430664
0.012795209884643555
0.013695955276489258
0.012164115905761719
0.013459205627441406
0.012967348098754883
0.012653112411499023
0.012458086013793945
0.012989044189453125
0.013155221939086914
0.012869119644165039
0.013377189636230469
0.013433218002319336
0.013081073760986328
0.012878179550170898
0.012640953063964844
0.012604951858520508
0.012236833572387695
0.013060808181762695
0.013305187225341797
0.012857913970947266
0.012575864791870117
0.013045072555541992
0.013257980346679688
0.013337850570678711
0.014396905899047852
0.012675046920776367
0.012987136840820312
0.013070821762084961
0.013094902038574219
0.011929035186767578
0.013815164566040039
0.012298107147216797
0.013088226318359375
0.012684822082519531
0.012073040008544922
0.013103723526000977
0.013098955154418945
0.013447284698486328
0.01181483268737793
0.012887239456176758
0.013313055038452148
0.0156400203704834
0.02464008331298828
0.017548799514770508
0.01271200180053711
0.013231754302978516
0.01287984848022461
0.012377023696899414
0.013284921646118164
0.012934207916259766
0.0127410888671875
0.012841939926147461
0.012328147888183594
0.01380014419555664
0.016026020050048828
0.013734817504882812
0.013257980346679688
0.013264894485473633
0.012546777725219727
0.013110160827636719
0.01400303840637207
0.013790130615234375
0.012725114822387695
0.012145280838012695
0.012501955032348633
0.013415336608886719
0.012907981872558594
0.011914968490600586
0.013696908950805664
0.013336896896362305
0.013226985931396484
0.013348817825317383
0.012972116470336914
0.013377904891967773
0.012820005416870117
0.012770891189575195
0.011625051498413086
0.014512777328491211
0.013077020645141602
0.012196063995361328
0.011809110641479492
0.01236104965209961
0.012624025344848633
0.012413978576660156
0.011621713638305664
0.012885808944702148
0.01208806037902832
0.012755155563354492
0.011739253997802734
0.012564897537231445
0.013154029846191406
0.012535810470581055
0.011366128921508789
0.013067007064819336
0.012496232986450195
0.013108968734741211
0.011889219284057617
0.012272119522094727
0.01257014274597168
0.011744976043701172
0.012221097946166992
0.012623071670532227
0.01239013671875
0.012307882308959961
0.012140750885009766
0.012567996978759766
0.01219487190246582
0.012243032455444336
0.012248992919921875
0.012629032135009766
0.012665748596191406
0.013250112533569336
0.011510133743286133
0.013008832931518555
0.013823986053466797
0.01595282554626465
0.012688159942626953
0.011827945709228516
0.012202024459838867
0.013026952743530273
0.01268315315246582
0.011640787124633789
0.01265573501586914
0.01221776008605957
0.01193094253540039
0.012597799301147461
0.012863874435424805
0.012614965438842773
0.012861967086791992
0.012373924255371094
0.012756109237670898
0.012562990188598633
0.01313471794128418
0.011802911758422852
0.012167930603027344
0.017190933227539062
0.022702693939208984
0.01647210121154785
0.01273798942565918
0.01314401626586914
0.012590885162353516
0.012048006057739258
0.012745141983032227
0.012701988220214844
0.012936115264892578
0.011362791061401367
0.012592077255249023
0.012786149978637695
0.012048006057739258
0.012362003326416016
0.013059139251708984
0.012445926666259766
0.013548135757446289
0.011842012405395508
0.011497020721435547
0.01208806037902832
0.0121307373046875
0.012582778930664062
0.012643814086914062
0.012178897857666016
0.012207746505737305
0.011412858963012695
0.013146162033081055
0.012515783309936523
0.012408018112182617
0.01160883903503418
0.012689828872680664
0.012321949005126953
0.012949943542480469
0.011451244354248047
0.012514114379882812
0.012259721755981445
0.01235198974609375
0.011988162994384766
0.013427019119262695
0.012668132781982422
0.011993169784545898
0.012563228607177734
0.012930154800415039
0.01262807846069336
0.011434078216552734
0.012777328491210938
0.012200355529785156
0.012759923934936523
0.011558294296264648
0.012224912643432617
0.012525081634521484
0.012328863143920898
0.011657953262329102
0.012209892272949219
0.0124969482421875
0.012180089950561523
0.011731863021850586
0.0124969482421875
0.012614011764526367
0.012611150741577148
0.011551141738891602
0.012830972671508789
0.012166261672973633
0.011864900588989258
0.012586116790771484
0.012511253356933594
0.012310028076171875
0.011240959167480469
0.012501955032348633
0.011890888214111328
0.011918783187866211
0.012692928314208984
0.012769937515258789
0.012433767318725586
0.01203298568725586
0.01240229606628418
0.012465238571166992
0.012763023376464844
0.01188802719116211
0.011903047561645508
0.013310909271240234
0.012305974960327148
0.012227058410644531
0.011859893798828125
0.0123291015625
0.012480020523071289
0.012079954147338867
0.012471914291381836
0.014227867126464844
0.013283967971801758
0.025307893753051758
0.0216519832611084
0.01690220832824707
0.015184879302978516
0.011165857315063477
0.013078927993774414
0.012464046478271484
0.01279592514038086
0.011589765548706055
0.01230168342590332
0.012314319610595703
0.01326608657836914
0.011688232421875
0.012906074523925781
0.012765884399414062
0.012354135513305664
0.011444091796875
0.012314796447753906
0.012598037719726562
0.011526107788085938
0.013137102127075195
0.012465953826904297
0.012483835220336914
0.011384963989257812
0.012240171432495117
0.012523889541625977
0.01314997673034668
0.012029886245727539
0.01252889633178711
0.012365102767944336
0.012494802474975586
0.011705160140991211
0.013734102249145508
0.012590169906616211
0.012630939483642578
0.011417865753173828
0.01257181167602539
0.012527704238891602
0.012922048568725586
0.012269020080566406
0.013319015502929688
0.012171030044555664
0.011945247650146484
0.011950016021728516
0.013241052627563477
0.012531042098999023
0.01302194595336914
0.01224207878112793
0.013282060623168945
0.012411117553710938
0.012520790100097656
0.011355161666870117
0.01283407211303711
0.012642860412597656
0.01236724853515625
0.011595726013183594
0.013027191162109375
0.013109922409057617
0.012592792510986328
0.011964797973632812
0.012194156646728516
0.013365030288696289
0.012529134750366211
0.012497901916503906
0.012629032135009766
0.01269984245300293
0.012475728988647461
0.011725902557373047
0.012766838073730469
0.012369871139526367
0.012693166732788086
0.011501789093017578
0.012439966201782227
0.012309074401855469
0.012820005416870117
0.012832880020141602
0.012224912643432617
0.012790918350219727
0.012162208557128906
0.012023210525512695
0.013580799102783203
0.012356996536254883
0.01238107681274414
0.011353015899658203
0.012506961822509766
0.012202978134155273
0.012051820755004883
0.012347936630249023
0.012972593307495117
0.01326608657836914
0.011742353439331055
0.012649059295654297
0.013350248336791992
0.01314401626586914
0.01252889633178711
0.011430025100708008
0.012530088424682617
0.012730121612548828
0.013124942779541016
0.012588024139404297
0.0121002197265625
0.012444734573364258
0.012314796447753906
0.011315107345581055
0.022401094436645508
0.019470930099487305
0.015835046768188477
0.011974096298217773
0.012969970703125
0.014148950576782227
0.013763189315795898
0.012113809585571289
0.011306047439575195
0.01238107681274414
0.012375116348266602
